rh.aparc.thickness	rh_bankssts_thickness	rh_caudalanteriorcingulate_thickness	rh_caudalmiddlefrontal_thickness	rh_cuneus_thickness	rh_entorhinal_thickness	rh_fusiform_thickness	rh_inferiorparietal_thickness	rh_inferiortemporal_thickness	rh_isthmuscingulate_thickness	rh_lateraloccipital_thickness	rh_lateralorbitofrontal_thickness	rh_lingual_thickness	rh_medialorbitofrontal_thickness	rh_middletemporal_thickness	rh_parahippocampal_thickness	rh_paracentral_thickness	rh_parsopercularis_thickness	rh_parsorbitalis_thickness	rh_parstriangularis_thickness	rh_pericalcarine_thickness	rh_postcentral_thickness	rh_posteriorcingulate_thickness	rh_precentral_thickness	rh_precuneus_thickness	rh_rostralanteriorcingulate_thickness	rh_rostralmiddlefrontal_thickness	rh_superiorfrontal_thickness	rh_superiorparietal_thickness	rh_superiortemporal_thickness	rh_supramarginal_thickness	rh_frontalpole_thickness	rh_temporalpole_thickness	rh_transversetemporal_thickness	rh_insula_thickness	rh_MeanThickness_thickness
002_S_0782_17835_I40717.long.002_S_0782	2.485	2.639	2.618	1.637	3.233	2.452	2.437	2.813	2.255	2.044	2.661	1.92	2.425	2.78	2.181	2.34	2.586	2.589	2.264	1.339	1.903	2.297	2.267	2.284	2.529	2.278	2.545	2.209	2.586	2.504	1.999	3.876	2.413	2.695	2.34698
002_S_0782_29564_I60456.long.002_S_0782	2.492	2.565	2.595	1.811	3.221	2.416	2.394	2.763	2.278	2.062	2.697	1.941	2.38	2.781	2.013	2.339	2.565	2.669	2.339	1.407	1.813	2.287	2.089	2.298	2.632	2.271	2.544	2.258	2.64	2.545	2.039	4.06	2.525	2.75	2.34625
002_S_0782_39495_I87283.long.002_S_0782	2.412	2.499	2.475	1.644	3.268	2.33	2.328	2.713	2.217	2.008	2.569	1.872	2.352	2.717	1.931	2.379	2.522	2.689	2.296	1.324	1.879	2.32	2.191	2.222	2.598	2.173	2.522	2.225	2.545	2.447	1.91	3.877	2.334	2.727	2.29719
002_S_0782_1854_I112184.long.002_S_0782	2.388	2.52	2.482	1.741	3.191	2.433	2.397	2.719	2.258	2.02	2.702	1.838	2.436	2.724	2.106	2.354	2.58	2.527	2.266	1.416	1.918	2.304	2.298	2.257	2.526	2.226	2.546	2.121	2.538	2.478	2.08	3.867	2.247	2.742	2.3234
002_S_0782_7626_I124718.long.002_S_0782	2.395	2.518	2.555	1.688	3.095	2.365	2.356	2.661	2.253	1.998	2.629	1.838	2.281	2.697	1.955	2.46	2.52	2.637	2.3	1.387	2.016	2.362	2.466	2.234	2.521	2.254	2.581	2.161	2.536	2.452	2.323	3.735	2.349	2.642	2.32833
002_S_0782_3356_I162978.long.002_S_0782	2.322	2.52	2.517	1.724	3.088	2.317	2.301	2.632	2.226	1.967	2.656	1.843	2.338	2.659	1.888	2.329	2.493	2.557	2.169	1.377	1.901	2.335	2.193	2.231	2.572	2.213	2.575	2.176	2.489	2.424	2.288	3.926	2.191	2.613	2.28724
003_S_1074_23536_I53395.long.003_S_1074	2.371	2.012	2.473	1.854	2.395	2.485	2.373	2.737	2.023	2.043	2.474	1.873	2.356	2.602	2.255	2.423	2.496	2.722	2.342	1.481	1.992	2.264	2.434	2.177	3.083	2.248	2.619	2.092	2.612	2.399	2.763	3.174	2.445	2.776	2.33457
003_S_1074_45438_I91404.long.003_S_1074	2.457	1.984	2.501	1.871	2.42	2.551	2.39	2.763	2.005	2.075	2.446	1.897	2.369	2.639	2.291	2.362	2.537	2.768	2.377	1.419	2.035	2.219	2.432	2.222	2.977	2.269	2.59	2.093	2.645	2.392	2.603	3.167	2.557	2.759	2.34746
003_S_1074_5525_I121117.long.003_S_1074	2.506	2.014	2.5	1.798	2.4	2.539	2.399	2.737	1.996	2.094	2.558	1.905	2.342	2.614	2.222	2.424	2.513	2.751	2.409	1.427	1.99	2.25	2.406	2.204	3.144	2.315	2.558	2.093	2.622	2.387	2.69	3.075	2.478	2.786	2.34549
003_S_1074_3680_I141167.long.003_S_1074	2.446	2.024	2.474	1.888	2.338	2.537	2.393	2.777	2.02	2.094	2.546	1.918	2.395	2.676	2.248	2.426	2.538	2.824	2.512	1.499	2.045	2.234	2.431	2.22	3.118	2.311	2.575	2.07	2.614	2.409	2.735	3.019	2.521	2.752	2.3592
005_S_0324_12599_I32891.long.005_S_0324	2.477	2.522	2.36	1.814	2.226	2.299	2.321	2.636	1.946	1.827	2.493	1.796	2.129	2.661	2.591	2.077	2.509	2.536	2.364	1.374	1.94	2.444	2.029	2.274	2.437	2.269	2.539	1.964	2.547	2.408	2.812	2.98	2.289	2.648	2.25765
005_S_0324_22465_I86025.long.005_S_0324	2.537	2.581	2.496	1.749	2.066	2.281	2.375	2.68	1.864	1.888	2.501	1.777	2.208	2.704	2.61	2.156	2.591	2.613	2.478	1.329	1.938	2.468	2.372	2.366	2.592	2.345	2.652	2.073	2.614	2.436	2.85	2.914	2.538	2.654	2.32902
005_S_0324_31698_I62599.long.005_S_0324	2.487	2.454	2.462	1.845	2.211	2.28	2.289	2.628	1.981	1.987	2.563	1.89	2.134	2.696	2.595	2.113	2.508	2.581	2.43	1.35	1.774	2.424	2.242	2.267	2.518	2.317	2.585	2.043	2.596	2.328	3.011	2.957	2.497	2.677	2.29338
005_S_0324_42427_I83334.long.005_S_0324	2.507	2.445	2.539	1.872	2.023	2.325	2.385	2.686	2.06	1.97	2.475	1.836	2.191	2.735	2.567	2.281	2.604	2.568	2.512	1.404	1.979	2.431	2.358	2.375	2.642	2.314	2.63	2.142	2.631	2.424	2.829	3.026	2.587	2.711	2.3514
005_S_0324_9114_I104357.long.005_S_0324	2.382	2.479	2.472	1.823	2.079	2.342	2.325	2.634	2.063	1.994	2.555	1.888	2.241	2.671	2.429	2.235	2.647	2.578	2.436	1.395	2.032	2.407	2.288	2.355	2.577	2.316	2.616	2.078	2.577	2.459	2.76	2.879	2.524	2.669	2.33308
005_S_0324_8167_I150214.long.005_S_0324	2.438	2.355	2.364	1.693	1.884	2.099	2.248	2.463	1.975	1.912	2.391	1.735	2.111	2.551	2.356	2.183	2.486	2.55	2.296	1.457	1.88	2.343	2.208	2.186	2.425	2.121	2.44	1.955	2.493	2.3	2.686	2.877	2.465	2.531	2.20472
005_S_0448_14032_I32875.long.005_S_0448	2.266	2.537	2.346	1.514	3.187	2.547	2.153	2.648	2.161	1.798	2.537	1.72	2.307	2.784	2.322	1.945	2.565	2.757	2.223	1.337	1.701	2.343	2.104	1.921	2.675	2.183	2.369	1.756	2.523	2.183	2.755	3.351	2.462	2.865	2.18876
005_S_0448_22540_I67876.long.005_S_0448	2.192	2.36	2.288	1.504	3.151	2.416	2.115	2.546	2.072	1.788	2.393	1.695	2.156	2.704	2.245	1.924	2.584	2.699	2.229	1.319	1.647	2.287	2.16	1.891	2.552	2.133	2.285	1.742	2.466	2.16	2.409	3.417	2.387	2.769	2.13862
005_S_0448_34996_I72141.long.005_S_0448	2.2	2.493	2.359	1.527	3.06	2.528	2.065	2.565	2.084	1.791	2.459	1.722	2.205	2.699	2.354	1.866	2.552	2.635	2.188	1.358	1.609	2.291	2.055	1.926	2.621	2.12	2.277	1.701	2.432	2.09	2.574	3.478	2.301	2.734	2.13085
005_S_0448_43581_I86930.long.005_S_0448	2.152	2.407	2.296	1.606	2.977	2.475	2.134	2.547	2.133	1.821	2.404	1.697	2.133	2.705	2.278	1.974	2.465	2.58	2.075	1.42	1.647	2.292	2.007	1.951	2.521	2.036	2.175	1.764	2.442	2.132	2.481	3.469	2.404	2.665	2.11808
005_S_0448_0865_I109178.long.005_S_0448	2.176	2.551	2.385	1.594	3.059	2.35	2.033	2.523	2.033	1.742	2.395	1.663	2.147	2.687	2.207	1.921	2.411	2.485	2.111	1.36	1.637	2.282	2.055	1.866	2.709	2.064	2.268	1.689	2.424	2.067	2.612	3.463	2.335	2.614	2.09991
010_S_0422_23188_I63332.long.010_S_0422	2.173	2.233	2.353	1.773	3.483	2.349	2.148	2.678	2.312	1.905	2.433	1.723	2.232	2.571	2.299	1.903	2.391	2.389	2.329	1.451	1.858	2.518	2.104	2.078	2.66	2.116	2.48	1.922	2.707	2.281	2.953	3.722	2.1	2.831	2.22748
010_S_0422_29319_I71332.long.010_S_0422	2.356	2.425	2.372	1.81	3.47	2.534	2.196	2.743	2.304	1.864	2.487	1.768	2.134	2.633	2.423	1.913	2.429	2.502	2.313	1.358	1.827	2.625	2.169	2.09	2.648	2.194	2.517	1.98	2.746	2.306	2.869	3.722	2.265	2.777	2.26447
010_S_0422_40797_I78765.long.010_S_0422	2.288	2.422	2.445	1.842	3.586	2.539	2.25	2.783	2.271	1.927	2.47	1.778	2.254	2.627	2.372	2.01	2.478	2.443	2.339	1.453	1.822	2.62	2.149	2.092	2.673	2.176	2.548	2.007	2.727	2.28	2.791	3.713	2.346	2.838	2.28187
010_S_0422_7622_I102459.long.010_S_0422	2.292	2.32	2.404	1.762	3.627	2.477	2.209	2.645	2.238	1.888	2.416	1.762	2.07	2.552	2.255	1.889	2.457	2.344	2.318	1.44	1.786	2.561	2.19	2.039	2.628	2.157	2.503	1.954	2.711	2.29	2.692	3.73	2.38	2.803	2.23981
010_S_0422_6769_I124040.long.010_S_0422	2.358	2.535	2.498	1.837	3.648	2.529	2.261	2.789	2.334	1.932	2.529	1.79	2.354	2.652	2.472	2.022	2.529	2.53	2.414	1.407	1.835	2.624	2.144	2.115	2.791	2.256	2.559	1.999	2.743	2.304	2.947	3.749	2.21	2.811	2.30552
010_S_0422_9063_I205476.long.010_S_0422	2.24	2.341	2.395	1.79	3.628	2.493	2.202	2.751	2.227	1.904	2.479	1.676	2.166	2.599	2.448	1.882	2.515	2.488	2.457	1.383	1.878	2.514	2.146	2.066	2.607	2.169	2.485	2.012	2.681	2.31	2.667	3.757	2.29	2.802	2.25673
014_S_0169_11565_I40858.long.014_S_0169	2.091	2.397	2.192	1.72	3.551	2.502	2.065	2.61	1.919	1.887	2.261	1.806	2.14	2.492	2.512	2.265	2.308	2.335	2.103	1.349	1.839	2.062	2.166	1.963	2.465	1.989	2.375	1.838	2.661	2.236	2.264	4.206	2.044	2.931	2.17168
014_S_0169_18247_I45726.long.014_S_0169	2.107	2.346	2.183	1.734	3.423	2.469	2.111	2.595	1.915	1.873	2.257	1.832	2.126	2.518	2.484	2.294	2.316	2.238	2.1	1.405	1.945	2.114	2.231	2.059	2.523	1.983	2.41	1.907	2.671	2.281	2.279	4.272	2.06	3.002	2.20057
014_S_0169_27032_I76583.long.014_S_0169	2.127	2.337	2.142	1.633	3.423	2.463	2.12	2.629	1.964	1.815	2.248	1.756	2.128	2.53	2.507	2.295	2.332	2.314	2.146	1.375	1.871	2.069	2.177	2.012	2.392	1.931	2.398	1.853	2.613	2.224	2.223	3.985	2.045	2.926	2.16716
014_S_0169_38713_I79153.long.014_S_0169	1.943	2.387	2.067	1.594	3.653	2.431	1.979	2.492	1.902	1.769	2.253	1.742	2.154	2.384	2.45	2.127	2.281	2.212	2.047	1.383	1.776	2.031	2.14	1.974	2.425	1.847	2.322	1.726	2.532	2.164	2.235	4.007	1.9	2.918	2.09819
014_S_0169_46391_I96079.long.014_S_0169	2.069	2.325	2.055	1.6	3.524	2.415	1.929	2.457	1.864	1.764	2.224	1.691	2.068	2.418	2.336	2.139	2.212	2.166	2.067	1.363	1.8	2.057	2.074	1.961	2.4	1.864	2.353	1.725	2.571	2.089	2.051	4.107	1.925	2.897	2.08503
014_S_0169_3458_I138094.long.014_S_0169	2.12	2.425	1.896	1.598	3.683	2.454	1.963	2.559	1.864	1.742	2.202	1.732	2.096	2.542	2.501	2.172	2.173	2.242	2.091	1.336	1.714	2.08	1.912	1.922	2.454	1.933	2.305	1.691	2.635	2.099	2.397	4.081	2.082	2.915	2.0854
016_S_1092_3827_I101411.long.016_S_1092	2.288	2.574	2.26	1.742	3.448	2.686	2.243	2.79	2.13	2.126	2.63	1.905	2.476	2.714	2.548	2.284	2.43	2.675	2.249	1.484	1.881	2.471	2.363	2.131	2.852	2.195	2.584	1.889	2.555	2.508	2.562	3.872	2.15	3.02	2.3214
016_S_1092_35878_I76592.long.016_S_1092	2.191	2.662	2.121	1.669	3.423	2.679	2.161	2.821	2.108	2.053	2.704	1.821	2.474	2.728	2.508	2.152	2.304	2.586	2.102	1.388	1.714	2.469	2.148	2.003	2.79	2.07	2.504	1.785	2.518	2.372	2.656	3.566	2.034	3.023	2.23729
016_S_1092_4767_I121366.long.016_S_1092	2.223	2.478	2.117	1.684	3.388	2.753	2.214	2.796	2.147	2.052	2.621	1.812	2.534	2.727	2.471	2.193	2.268	2.6	2.093	1.335	1.806	2.435	2.186	2.079	2.88	2.075	2.5	1.797	2.518	2.421	2.59	3.754	2.222	3.009	2.25267
016_S_1092_2443_I135586.long.016_S_1092	2.277	2.575	2.152	1.678	3.439	2.71	2.196	2.83	2.194	2.098	2.63	1.858	2.478	2.731	2.49	2.12	2.332	2.6	2.195	1.402	1.677	2.404	2.163	2.009	2.853	2.116	2.517	1.798	2.537	2.411	2.615	3.654	2.072	2.924	2.25123
016_S_1092_7272_I205492.long.016_S_1092	2.198	2.542	2.132	1.664	3.294	2.663	2.194	2.8	2.009	2.085	2.584	1.806	2.507	2.706	2.561	2.058	2.254	2.582	2.133	1.368	1.74	2.345	2.171	2.062	2.76	2.058	2.517	1.85	2.511	2.397	2.372	3.527	2.102	3.025	2.2394
018_S_0142_10989_I36886.long.018_S_0142	2.331	2.672	2.367	1.817	4.038	2.397	2.279	2.543	2.195	2.004	2.525	1.836	2.196	2.734	2.671	2.273	2.494	2.718	2.271	1.484	1.976	2.627	2.381	2.261	2.883	2.203	2.513	2.198	2.634	2.528	3.537	3.518	2.2	3.097	2.34039
018_S_0142_18255_I34999.long.018_S_0142	2.343	2.782	2.417	1.798	3.986	2.388	2.267	2.505	2.28	1.982	2.535	1.831	2.301	2.721	2.676	2.216	2.458	2.692	2.245	1.431	1.991	2.596	2.385	2.241	3.031	2.28	2.577	2.185	2.646	2.542	3.592	3.408	2.315	3.165	2.35071
018_S_0142_26622_I65938.long.018_S_0142	2.456	2.794	2.462	1.868	4.162	2.483	2.327	2.59	2.257	2.024	2.601	1.86	2.433	2.751	2.743	2.333	2.465	2.825	2.315	1.417	1.989	2.744	2.412	2.291	3.081	2.334	2.596	2.18	2.682	2.552	3.511	3.401	2.259	3.184	2.39137
018_S_0142_37088_I74245.long.018_S_0142	2.323	2.745	2.453	1.72	4.053	2.425	2.171	2.485	2.233	1.949	2.527	1.79	2.272	2.677	2.738	2.166	2.488	2.73	2.248	1.334	1.881	2.616	2.305	2.184	3.054	2.24	2.488	2.057	2.605	2.447	3.692	3.29	2.105	3.113	2.2953
018_S_0142_46542_I99058.long.018_S_0142	2.464	2.682	2.439	1.778	4.0	2.384	2.286	2.479	2.209	1.962	2.611	1.784	2.306	2.659	2.795	2.232	2.5	2.796	2.276	1.391	1.948	2.575	2.284	2.246	3.021	2.29	2.577	2.163	2.625	2.505	3.658	3.285	2.054	3.164	2.3353
018_S_0142_2954_I137228.long.018_S_0142	2.335	2.681	2.333	1.814	3.93	2.409	2.148	2.393	2.216	1.98	2.502	1.894	2.243	2.449	2.663	2.239	2.251	2.698	2.123	1.518	1.831	2.657	2.21	2.231	2.836	2.163	2.47	2.043	2.441	2.333	3.738	2.913	2.071	2.915	2.24963
021_S_0178_11567_I33799.long.021_S_0178	2.217	2.795	2.344	1.62	3.661	2.389	2.172	2.465	2.483	1.865	2.629	1.808	2.336	2.69	2.647	2.083	2.373	2.655	2.554	1.432	1.883	2.457	2.286	2.214	2.697	2.359	2.654	2.04	2.653	2.339	2.815	3.377	2.203	2.688	2.28225
021_S_0273_12168_I33428.long.021_S_0273	2.238	2.837	2.251	1.56	3.417	2.693	2.085	2.488	2.366	1.934	2.577	1.864	2.591	2.767	2.596	2.133	2.433	2.616	2.212	1.453	1.767	2.639	2.127	2.082	3.273	2.14	2.493	1.766	2.647	2.359	2.735	3.541	2.136	2.86	2.2434
021_S_0273_19838_I33692.long.021_S_0273	2.263	2.798	2.318	1.567	3.54	2.603	2.11	2.472	2.382	1.948	2.564	1.807	2.425	2.734	2.509	2.139	2.446	2.485	2.236	1.624	1.779	2.626	2.196	2.098	3.069	2.117	2.48	1.828	2.604	2.38	2.68	3.457	2.217	2.893	2.2451
021_S_0273_32733_I68448.long.021_S_0273	2.329	2.773	2.227	1.573	3.528	2.78	2.162	2.541	2.442	1.936	2.68	1.875	2.58	2.774	2.575	2.183	2.375	2.692	2.249	1.478	1.802	2.596	2.127	2.157	3.271	2.146	2.517	1.839	2.642	2.341	2.715	3.373	2.286	2.942	2.2734
021_S_0273_41010_I79525.long.021_S_0273	2.316	2.758	2.27	1.636	3.662	2.667	2.131	2.494	2.395	1.953	2.543	1.878	2.478	2.746	2.453	2.216	2.365	2.603	2.178	1.653	1.824	2.644	2.22	2.183	3.216	2.174	2.513	1.834	2.637	2.393	2.691	3.594	2.279	2.904	2.27407
021_S_0273_7808_I102711.long.021_S_0273	2.103	2.756	2.202	1.534	3.346	2.538	2.076	2.344	2.36	1.832	2.422	1.877	2.391	2.667	2.483	2.149	2.329	2.429	2.147	1.55	1.745	2.612	2.185	2.104	3.153	2.079	2.449	1.8	2.498	2.299	2.674	3.464	2.04	2.864	2.19542
021_S_0273_5683_I143628.long.021_S_0273	2.261	2.765	2.184	1.501	3.579	2.693	2.085	2.399	2.325	1.896	2.525	1.81	2.418	2.695	2.34	2.255	2.316	2.479	2.194	1.464	1.806	2.563	2.085	2.124	3.11	2.081	2.433	1.82	2.559	2.331	2.699	3.444	2.286	2.781	2.2099
021_S_0276_12260_I33433.long.021_S_0276	2.403	2.153	2.322	1.683	3.4	2.617	2.175	2.718	2.16	2.029	2.596	1.903	2.601	2.837	2.901	2.027	2.404	2.821	2.33	1.47	1.981	2.265	2.354	2.111	2.966	2.299	2.528	1.813	2.741	2.418	3.329	3.56	2.542	2.792	2.31494
021_S_0276_19508_I33469.long.021_S_0276	2.446	2.201	2.365	1.793	3.551	2.7	2.247	2.824	2.205	2.074	2.531	1.981	2.502	2.81	2.867	2.194	2.389	2.761	2.342	1.548	2.059	2.342	2.525	2.233	2.956	2.333	2.587	1.977	2.762	2.471	3.131	3.58	2.5	2.802	2.37762
021_S_0276_29264_I67986.long.021_S_0276	2.406	2.129	2.181	1.72	3.405	2.594	2.152	2.767	2.033	1.994	2.537	1.931	2.476	2.837	2.748	1.91	2.211	2.577	2.159	1.493	1.9	2.205	2.178	2.077	2.837	2.208	2.446	1.865	2.753	2.321	3.143	3.455	2.369	2.738	2.26108
021_S_0276_41001_I79532.long.021_S_0276	2.38	2.165	2.354	1.786	3.518	2.645	2.247	2.712	2.109	2.031	2.587	1.925	2.582	2.783	2.779	2.243	2.402	2.818	2.303	1.558	2.079	2.31	2.472	2.244	2.879	2.318	2.598	1.985	2.71	2.475	3.18	3.459	2.423	2.801	2.36261
021_S_0276_7041_I101425.long.021_S_0276	2.279	2.145	2.126	1.784	3.449	2.58	2.04	2.697	2.059	1.919	2.476	1.87	2.504	2.699	2.785	2.005	2.166	2.507	2.147	1.454	1.864	2.359	2.267	2.064	2.849	2.19	2.459	1.766	2.707	2.173	3.151	3.466	2.399	2.7	2.22416
021_S_0276_5202_I143632.long.021_S_0276	2.345	2.162	2.318	1.821	3.44	2.607	2.256	2.728	2.089	1.982	2.474	1.922	2.518	2.758	2.853	2.125	2.366	2.689	2.274	1.571	2.065	2.3	2.392	2.247	2.755	2.279	2.551	2.031	2.719	2.437	3.189	3.392	2.517	2.708	2.33609
022_S_0961_20711_I59601.long.022_S_0961	2.196	1.529	2.312	1.777	3.505	2.219	2.279	2.433	2.0	1.973	2.421	1.827	2.297	2.639	1.924	2.434	2.505	2.607	2.353	1.49	2.019	1.942	2.379	2.214	2.487	2.151	2.412	2.065	2.505	2.334	2.598	3.124	2.121	2.614	2.24473
022_S_0961_32706_I65980.long.022_S_0961	2.177	1.6	2.282	1.776	3.093	2.164	2.228	2.309	1.928	1.949	2.442	1.859	2.241	2.489	1.955	2.455	2.428	2.552	2.276	1.527	1.932	1.982	2.316	2.19	2.532	2.101	2.474	1.998	2.406	2.248	2.65	3.103	2.179	2.603	2.20639
022_S_0961_42324_I83003.long.022_S_0961	2.307	1.572	2.273	1.741	3.133	2.219	2.307	2.433	1.938	2.012	2.459	1.813	2.351	2.585	2.089	2.394	2.507	2.557	2.327	1.414	1.849	1.943	2.283	2.256	2.463	2.128	2.442	2.027	2.453	2.307	2.539	3.032	2.123	2.566	2.22459
022_S_0961_9363_I105317.long.022_S_0961	2.186	1.578	2.144	1.667	3.236	2.189	2.147	2.328	1.94	1.891	2.517	1.803	2.324	2.501	2.01	2.336	2.481	2.694	2.351	1.363	1.775	1.96	2.176	2.173	2.395	2.064	2.431	1.838	2.377	2.109	2.552	3.057	2.156	2.605	2.15126
022_S_0961_9586_I129241.long.022_S_0961	2.132	1.568	2.163	1.701	3.139	2.097	2.08	2.257	1.919	1.83	2.481	1.77	2.302	2.415	1.929	2.295	2.505	2.548	2.361	1.369	1.759	1.967	2.126	2.102	2.447	2.068	2.397	1.774	2.295	2.122	2.558	2.845	2.147	2.586	2.1134
022_S_0961_6328_I162260.long.022_S_0961	2.013	1.625	2.185	1.827	2.884	2.11	2.141	2.188	1.918	1.963	2.384	1.866	2.16	2.315	1.891	2.298	2.338	2.536	2.256	1.614	1.869	1.832	2.257	2.132	2.396	2.065	2.382	1.892	2.245	2.153	2.438	2.798	2.052	2.487	2.13302
022_S_1097_23337_I59610.long.022_S_1097	2.41	2.841	2.269	1.983	3.186	2.613	2.31	2.408	2.058	2.012	2.362	1.928	2.191	2.545	1.898	2.246	2.364	2.281	2.341	1.419	1.996	2.168	2.259	2.13	2.454	2.146	2.445	1.952	2.492	2.381	2.667	3.152	2.273	2.9	2.25197
022_S_1097_43647_I86643.long.022_S_1097	2.239	2.802	2.034	1.929	3.025	2.648	2.133	2.496	2.082	1.929	2.449	1.894	2.268	2.501	1.947	2.134	2.324	2.384	2.247	1.307	1.735	2.077	2.042	2.084	2.53	2.097	2.383	1.759	2.461	2.259	2.752	3.019	2.269	2.827	2.16411
022_S_1097_1575_I112212.long.022_S_1097	2.222	2.786	2.029	1.893	3.045	2.601	2.116	2.381	1.926	1.877	2.373	1.851	2.187	2.438	1.938	2.14	2.242	2.275	2.247	1.27	1.702	2.116	2.01	2.119	2.453	1.999	2.317	1.806	2.368	2.205	2.546	2.856	2.266	2.771	2.12214
022_S_1097_0699_I132261.long.022_S_1097	2.238	2.756	2.054	1.891	2.989	2.604	2.113	2.367	2.002	1.878	2.383	1.86	2.129	2.431	1.794	2.1	2.275	2.362	2.196	1.309	1.718	2.089	2.033	2.037	2.441	2.037	2.362	1.775	2.432	2.195	2.804	2.961	2.363	2.748	2.12578
022_S_1097_7240_I166866.long.022_S_1097	2.127	2.776	1.867	1.923	2.914	2.589	1.979	2.255	1.99	1.832	2.347	1.844	2.11	2.313	1.906	1.991	2.226	2.197	2.195	1.303	1.662	2.132	1.964	2.052	2.411	1.924	2.25	1.752	2.348	2.099	2.711	2.839	2.16	2.755	2.06135
023_S_0376_12652_I31384.long.023_S_0376	2.226	2.622	2.229	1.676	3.578	2.399	2.056	2.859	2.062	1.844	2.489	1.77	2.357	2.754	2.133	2.039	2.229	2.259	2.102	1.343	1.633	2.142	1.962	1.945	2.637	2.135	2.458	1.83	2.553	2.004	2.709	3.66	1.939	2.753	2.16614
023_S_0376_20393_I52080.long.023_S_0376	2.382	2.428	2.335	1.728	3.409	2.433	2.17	2.759	2.119	1.878	2.538	1.79	2.352	2.765	2.247	2.365	2.458	2.441	2.263	1.483	1.8	2.13	2.248	2.065	2.787	2.219	2.52	2.017	2.537	2.235	2.676	3.787	2.18	2.783	2.26488
023_S_0376_28501_I64791.long.023_S_0376	2.443	2.388	2.378	1.634	3.438	2.421	2.24	2.864	2.024	1.841	2.466	1.734	2.243	2.766	2.241	2.19	2.429	2.25	2.214	1.382	1.785	2.102	2.072	1.949	2.572	2.18	2.385	2.003	2.543	2.244	2.458	3.672	2.091	2.776	2.21928
023_S_0376_41951_I81892.long.023_S_0376	2.463	2.507	2.341	1.581	3.353	2.474	2.222	2.837	1.957	1.823	2.443	1.732	2.305	2.804	2.178	2.141	2.463	2.437	2.261	1.354	1.669	2.151	2.119	1.96	2.769	2.203	2.48	1.926	2.569	2.215	2.549	3.706	2.164	2.744	2.22358
023_S_0376_8744_I103645.long.023_S_0376	2.467	2.451	2.399	1.597	3.591	2.52	2.168	2.828	2.001	1.851	2.41	1.776	2.3	2.817	2.243	2.258	2.394	2.39	2.235	1.384	1.662	2.19	2.229	1.965	2.681	2.165	2.555	1.93	2.551	2.157	2.549	3.653	2.263	2.724	2.23457
023_S_0376_6979_I151310.long.023_S_0376	2.447	2.365	2.363	1.642	3.414	2.44	2.212	2.782	2.025	1.841	2.445	1.769	2.194	2.716	2.178	2.32	2.467	2.354	2.186	1.404	1.726	2.157	2.268	2.039	2.622	2.117	2.471	2.0	2.533	2.223	2.543	3.592	2.396	2.74	2.23394
027_S_0307_13072_I34159.long.027_S_0307	2.687	2.66	2.452	1.862	3.749	2.653	2.368	2.968	2.1	2.118	2.626	2.009	2.285	2.834	2.24	2.192	2.431	2.558	2.204	1.631	1.895	2.287	2.385	2.147	3.104	2.241	2.552	1.939	2.648	2.432	2.642	3.59	2.431	2.78	2.35308
027_S_0307_20691_I86179.long.027_S_0307	2.715	2.657	2.524	1.869	3.471	2.634	2.377	2.908	2.178	2.184	2.592	2.025	2.317	2.871	2.277	2.263	2.48	2.55	2.204	1.591	1.882	2.382	2.383	2.209	3.054	2.267	2.615	1.98	2.637	2.438	2.664	3.53	2.46	2.793	2.37316
027_S_0307_31877_I65298.long.027_S_0307	2.787	2.811	2.54	1.891	3.804	2.749	2.399	3.016	2.199	2.226	2.616	2.068	2.34	2.909	2.421	2.228	2.513	2.595	2.215	1.549	1.898	2.38	2.364	2.184	3.137	2.276	2.61	1.987	2.709	2.458	2.529	3.554	2.508	2.824	2.3972
027_S_0307_42692_I83021.long.027_S_0307	2.665	2.571	2.468	1.935	3.625	2.582	2.332	2.876	2.132	2.156	2.559	2.031	2.233	2.811	2.346	2.17	2.421	2.522	2.223	1.64	1.882	2.306	2.384	2.122	3.065	2.244	2.558	1.969	2.643	2.437	2.668	3.686	2.394	2.805	2.3484
027_S_0307_8852_I103672.long.027_S_0307	2.724	2.763	2.512	1.91	3.87	2.716	2.386	2.986	2.143	2.254	2.563	2.077	2.282	2.896	2.449	2.204	2.502	2.601	2.273	1.603	1.893	2.371	2.403	2.167	3.075	2.282	2.61	1.974	2.684	2.453	2.647	3.772	2.411	2.791	2.39256
027_S_0307_5648_I149535.long.027_S_0307	2.664	2.53	2.455	1.852	3.595	2.623	2.322	2.898	2.099	2.097	2.522	1.986	2.193	2.786	2.311	2.12	2.48	2.541	2.244	1.667	1.865	2.263	2.398	2.087	3.04	2.225	2.547	1.917	2.615	2.41	2.569	3.565	2.43	2.816	2.32829
029_S_0914_4287_I124879.long.029_S_0914	2.288	2.774	2.369	1.901	2.385	2.499	2.196	2.64	2.18	2.209	2.443	1.936	2.284	2.576	2.106	2.319	2.627	2.591	2.432	1.449	1.751	2.448	2.319	2.182	2.738	2.265	2.543	2.044	2.522	2.383	2.553	3.437	2.108	2.646	2.29802
029_S_0914_35004_I71486.long.029_S_0914	2.324	2.76	2.408	1.961	2.188	2.43	2.275	2.606	2.129	2.091	2.4	1.893	2.277	2.505	2.118	2.381	2.648	2.566	2.422	1.448	1.961	2.392	2.469	2.249	2.896	2.299	2.606	2.237	2.522	2.513	2.677	3.443	2.222	2.614	2.34063
029_S_0914_45255_I91674.long.029_S_0914	2.337	2.804	2.423	1.876	2.206	2.567	2.237	2.615	2.312	2.194	2.465	1.898	2.317	2.57	2.202	2.41	2.654	2.692	2.424	1.393	1.858	2.465	2.367	2.242	2.833	2.326	2.564	2.119	2.551	2.527	2.547	3.263	2.305	2.573	2.33475
029_S_0914_3061_I121794.long.029_S_0914	2.298	2.724	2.365	1.895	2.186	2.455	2.273	2.527	2.235	2.102	2.339	1.89	2.18	2.472	2.044	2.428	2.589	2.444	2.315	1.433	1.963	2.386	2.504	2.201	2.702	2.265	2.542	2.193	2.438	2.539	2.53	3.14	2.335	2.536	2.31003
029_S_0914_1786_I136716.long.029_S_0914	2.278	2.693	2.361	1.884	2.167	2.348	2.206	2.437	2.218	2.064	2.322	1.846	2.224	2.405	1.968	2.325	2.576	2.533	2.451	1.467	1.827	2.341	2.415	2.203	2.733	2.281	2.516	2.167	2.434	2.455	2.475	3.22	2.293	2.455	2.27176
029_S_0914_9808_I172038.long.029_S_0914	2.152	2.479	2.322	1.915	1.86	2.323	2.21	2.468	2.059	2.07	2.294	1.866	2.183	2.385	1.926	2.319	2.539	2.633	2.315	1.507	1.827	2.216	2.379	2.172	2.546	2.187	2.424	2.157	2.415	2.383	2.506	3.224	2.286	2.535	2.24067
029_S_1218_25478_I67389.long.029_S_1218	2.354	2.642	2.3	1.788	3.177	2.487	2.276	2.568	1.88	1.861	2.597	1.836	2.164	2.627	2.185	2.318	2.313	2.493	2.276	1.522	1.827	2.179	2.246	2.114	2.832	2.065	2.475	2.079	2.49	2.322	2.716	3.24	2.219	3.093	2.2676
029_S_1218_44820_I94838.long.029_S_1218	2.314	2.371	1.869	1.623	3.118	2.541	1.866	2.552	1.75	1.828	2.343	1.721	1.964	2.558	2.051	1.953	2.027	2.251	1.943	1.245	1.615	2.136	1.837	1.895	2.512	1.83	2.175	1.813	2.387	2.038	2.551	3.125	2.033	2.849	2.04608
029_S_1218_5461_I121812.long.029_S_1218	2.282	2.511	1.808	1.606	3.189	2.491	1.876	2.524	1.816	1.786	2.31	1.71	1.965	2.559	2.096	1.752	2.107	2.318	2.021	1.195	1.576	2.077	1.795	1.834	2.53	1.746	2.022	1.737	2.393	2.002	2.443	3.062	1.888	2.755	2.00274
029_S_1218_4684_I143888.long.029_S_1218	2.178	2.537	1.867	1.566	3.129	2.402	1.894	2.479	1.751	1.82	2.31	1.704	1.911	2.494	2.127	1.886	2.168	2.402	2.015	1.183	1.574	2.17	1.774	1.835	2.531	1.861	2.061	1.758	2.346	2.015	2.292	3.081	2.006	2.8	2.01326
029_S_1218_9682_I172268.long.029_S_1218	2.368	2.458	2.281	1.645	2.931	2.606	2.208	2.545	1.893	1.878	2.471	1.789	2.095	2.596	2.06	2.249	2.289	2.418	2.145	1.35	1.753	2.314	2.097	2.117	2.553	2.061	2.48	2.031	2.419	2.302	2.404	2.983	2.078	2.911	2.21923
031_S_0351_13461_I65401.long.031_S_0351	2.167	2.267	2.244	1.615	3.069	2.598	2.186	2.553	2.168	1.997	2.393	1.927	2.191	2.671	1.924	1.895	2.662	2.697	2.416	1.348	1.881	2.35	2.102	2.122	2.579	2.251	2.462	1.839	2.559	2.417	2.664	2.742	1.863	2.828	2.2286
031_S_0351_21905_I89948.long.031_S_0351	2.118	2.233	2.26	1.588	2.75	2.531	2.215	2.515	2.166	1.986	2.392	1.932	2.128	2.615	1.964	1.98	2.587	2.639	2.434	1.328	1.883	2.296	2.047	2.129	2.497	2.241	2.413	1.876	2.483	2.389	2.702	2.709	2.047	2.704	2.2077
031_S_0351_32191_I65620.long.031_S_0351	2.065	2.316	2.296	1.572	2.71	2.515	2.212	2.461	2.131	2.018	2.432	1.906	2.174	2.648	1.882	1.904	2.537	2.636	2.314	1.31	1.867	2.361	2.115	2.081	2.543	2.17	2.398	1.842	2.423	2.381	2.865	2.56	1.92	2.735	2.19556
031_S_0351_42555_I85499.long.031_S_0351	2.085	2.16	2.245	1.541	2.988	2.499	2.138	2.461	2.165	2.006	2.361	1.888	2.142	2.561	1.836	1.897	2.582	2.574	2.379	1.328	1.933	2.3	2.049	2.103	2.576	2.154	2.375	1.785	2.455	2.373	2.741	2.573	2.147	2.673	2.17576
031_S_0351_9090_I104372.long.031_S_0351	2.151	2.222	2.307	1.582	2.854	2.523	2.233	2.473	2.141	2.015	2.345	1.877	2.218	2.602	1.868	1.967	2.646	2.742	2.452	1.33	1.874	2.298	2.081	2.138	2.604	2.236	2.438	1.838	2.476	2.397	2.654	2.643	2.131	2.682	2.21007
031_S_0351_6793_I160835.long.031_S_0351	2.194	2.333	2.391	1.523	2.898	2.523	2.285	2.517	2.24	2.058	2.384	1.944	2.297	2.66	1.883	2.021	2.674	2.677	2.45	1.347	1.974	2.461	2.237	2.179	2.607	2.273	2.525	1.967	2.541	2.448	2.765	2.598	2.128	2.784	2.27385
031_S_0830_18847_I79342.long.031_S_0830	2.289	2.41	2.358	1.809	2.053	2.085	2.188	2.233	2.028	1.971	2.439	1.849	2.175	2.544	2.131	2.306	2.391	2.443	2.088	1.518	1.86	2.211	2.41	2.173	2.333	2.136	2.416	1.93	2.427	2.383	2.762	2.269	2.449	2.531	2.19279
031_S_0830_29284_I51863.long.031_S_0830	2.255	2.395	2.361	1.865	2.026	2.072	2.082	2.169	2.073	1.898	2.364	1.854	2.113	2.453	2.028	2.267	2.339	2.504	2.051	1.473	1.852	2.195	2.393	2.13	2.394	2.069	2.339	1.954	2.347	2.311	2.952	2.152	2.485	2.467	2.15049
031_S_0830_39458_I92444.long.031_S_0830	2.451	2.273	2.309	1.9	1.902	2.264	2.288	2.323	2.127	2.155	2.34	2.008	2.172	2.593	2.226	2.411	2.328	2.377	2.207	1.531	1.847	2.204	2.361	2.164	2.376	2.052	2.365	1.995	2.358	2.433	2.64	2.115	2.521	2.403	2.21522
031_S_0830_7398_I102502.long.031_S_0830	2.514	2.215	2.416	1.996	1.958	2.23	2.366	2.319	2.205	2.202	2.255	2.049	2.159	2.617	2.126	2.392	2.403	2.334	2.2	1.622	1.988	2.241	2.489	2.264	2.391	2.083	2.386	2.077	2.428	2.459	2.678	2.159	2.506	2.455	2.26425
031_S_0830_6755_I124115.long.031_S_0830	2.428	2.217	2.356	1.962	1.85	2.236	2.291	2.269	2.071	2.191	2.235	1.996	2.178	2.555	2.053	2.405	2.337	2.343	2.204	1.73	1.949	2.166	2.441	2.223	2.344	2.055	2.384	2.069	2.352	2.429	2.639	2.081	2.633	2.423	2.23238
031_S_0830_4049_I162428.long.031_S_0830	2.392	2.148	2.329	2.067	1.849	2.184	2.249	2.237	2.129	2.147	2.295	2.083	2.148	2.491	2.033	2.387	2.334	2.379	2.184	1.756	1.981	2.168	2.452	2.19	2.329	2.083	2.381	2.041	2.368	2.388	2.567	1.965	2.5	2.406	2.22535
031_S_0867_19256_I67423.long.031_S_0867	2.207	2.285	2.245	2.002	3.704	2.507	2.227	2.543	1.974	2.094	2.347	1.902	2.171	2.506	2.201	2.084	2.234	2.584	2.127	1.503	1.82	1.982	2.102	2.262	2.412	2.084	2.452	2.153	2.624	2.14	2.457	3.969	2.197	2.898	2.23394
031_S_0867_29633_I60483.long.031_S_0867	2.198	2.456	2.296	1.922	3.685	2.516	2.251	2.567	1.899	2.018	2.436	1.831	2.269	2.58	2.149	1.966	2.324	2.629	2.241	1.464	1.841	1.897	2.052	2.145	2.611	2.202	2.446	2.09	2.614	2.223	2.548	4.001	2.065	2.841	2.23501
031_S_0867_40140_I79611.long.031_S_0867	2.159	2.34	2.157	1.82	3.637	2.362	2.206	2.453	1.948	1.968	2.281	1.826	2.177	2.436	2.134	1.909	2.162	2.564	2.125	1.461	1.826	1.882	1.992	2.181	2.633	2.083	2.291	2.063	2.565	2.153	2.444	3.767	2.061	2.776	2.1623
031_S_0867_8500_I103691.long.031_S_0867	2.198	2.448	2.236	1.895	3.442	2.341	2.218	2.409	1.948	1.994	2.445	1.816	2.22	2.477	1.989	2.081	2.29	2.55	2.203	1.475	1.835	1.928	2.079	2.175	2.664	2.139	2.445	2.109	2.543	2.185	2.5	3.985	1.942	2.799	2.20606
031_S_0867_6746_I134796.long.031_S_0867	2.237	2.395	2.263	1.948	3.644	2.523	2.346	2.557	1.951	2.001	2.358	1.77	2.253	2.594	2.17	1.989	2.393	2.757	2.262	1.351	1.836	1.877	2.159	2.278	2.667	2.138	2.5	2.221	2.659	2.27	2.432	3.836	2.31	2.98	2.26421
031_S_0867_4035_I163074.long.031_S_0867	2.228	2.284	2.23	1.941	3.816	2.617	2.348	2.621	2.028	2.04	2.371	1.779	2.314	2.646	2.259	2.011	2.399	2.631	2.256	1.314	1.792	1.952	1.805	2.299	2.543	2.242	2.475	2.129	2.65	2.247	2.541	4.031	1.886	2.934	2.24906
035_S_0292_12408_I39569.long.035_S_0292	2.374	2.089	2.322	1.564	2.59	2.356	2.202	2.58	2.111	1.943	2.357	1.737	2.088	2.624	2.547	2.185	2.566	2.275	2.362	1.328	2.052	2.257	2.413	2.093	2.529	2.129	2.59	1.982	2.649	2.437	2.596	3.375	2.514	2.881	2.26498
035_S_0292_19811_I39583.long.035_S_0292	2.417	2.074	2.04	1.52	2.459	2.253	2.169	2.517	2.096	1.829	2.353	1.662	2.091	2.618	2.515	1.895	2.457	2.161	2.185	1.232	1.81	2.13	1.927	2.034	2.496	1.869	2.422	1.785	2.655	2.45	2.354	3.283	2.194	2.818	2.12926
035_S_0292_32111_I67715.long.035_S_0292	2.391	2.152	2.087	1.483	2.368	2.333	2.096	2.523	2.117	1.859	2.389	1.69	2.0	2.633	2.476	2.035	2.508	2.239	2.182	1.235	1.912	2.333	1.956	2.009	2.542	2.004	2.412	1.799	2.63	2.358	2.634	3.27	2.519	2.824	2.15094
035_S_0292_42476_I85506.long.035_S_0292	2.32	2.084	2.217	1.529	2.396	2.225	2.14	2.438	2.06	1.848	2.319	1.695	1.961	2.519	2.528	2.067	2.51	2.274	2.222	1.292	1.918	2.254	2.218	2.005	2.505	1.949	2.44	1.858	2.602	2.405	2.618	3.161	2.572	2.774	2.16143
035_S_0292_7900_I102756.long.035_S_0292	2.349	2.114	1.995	1.528	2.444	2.309	2.101	2.569	2.15	1.855	2.423	1.696	2.141	2.617	2.562	1.901	2.547	2.316	2.31	1.242	1.804	2.297	2.089	2.017	2.604	2.006	2.436	1.757	2.638	2.407	2.534	3.174	2.445	2.767	2.15867
035_S_0292_8125_I163136.long.035_S_0292	2.342	2.095	1.997	1.549	2.321	2.197	2.026	2.49	2.09	1.839	2.279	1.629	2.055	2.596	2.539	1.984	2.513	2.212	2.231	1.248	1.807	2.263	1.915	1.912	2.52	1.961	2.39	1.708	2.599	2.359	2.485	3.196	2.45	2.751	2.10347
036_S_0945_20971_I36999.long.036_S_0945	2.358	2.226	2.388	1.949	3.16	2.6	2.285	2.585	2.138	2.114	2.405	1.785	2.108	2.62	2.443	2.288	2.464	2.512	2.316	1.606	1.951	2.374	2.397	2.15	2.669	2.28	2.44	2.069	2.539	2.354	2.482	3.501	2.247	2.949	2.31443
036_S_0945_33381_I71558.long.036_S_0945	2.45	2.264	2.438	1.939	2.969	2.658	2.303	2.579	2.196	2.138	2.331	1.863	2.193	2.597	2.525	2.419	2.412	2.518	2.299	1.645	1.93	2.384	2.425	2.201	2.63	2.263	2.438	2.083	2.539	2.372	2.473	3.619	2.275	2.925	2.32813
036_S_0945_42468_I95633.long.036_S_0945	2.411	2.195	2.394	1.89	3.033	2.554	2.313	2.58	2.17	2.131	2.275	1.795	2.156	2.591	2.448	2.42	2.444	2.515	2.268	1.612	1.968	2.368	2.423	2.198	2.631	2.201	2.422	2.101	2.539	2.371	2.463	3.316	2.371	2.906	2.31192
036_S_0945_0577_I108277.long.036_S_0945	2.411	2.214	2.295	1.852	3.15	2.602	2.293	2.583	2.149	2.047	2.431	1.804	2.107	2.604	2.492	2.296	2.4	2.511	2.26	1.62	1.921	2.375	2.35	2.096	2.57	2.219	2.354	2.02	2.519	2.342	2.418	3.476	2.229	2.835	2.28069
036_S_0945_0045_I130059.long.036_S_0945	2.305	2.211	2.307	1.917	2.969	2.507	2.253	2.532	2.169	2.05	2.226	1.744	2.01	2.524	2.433	2.282	2.394	2.462	2.237	1.624	1.907	2.295	2.335	2.123	2.598	2.156	2.32	2.011	2.509	2.305	2.457	3.344	2.233	2.901	2.24781
036_S_0945_6478_I163172.long.036_S_0945	2.327	2.196	2.265	1.837	2.79	2.466	2.164	2.473	1.952	1.997	2.296	1.729	2.072	2.458	2.351	2.325	2.391	2.467	2.265	1.595	1.876	2.266	2.33	2.087	2.547	2.161	2.321	1.936	2.436	2.274	2.563	3.188	2.285	2.847	2.21585
037_S_0150_11434_I65130.long.037_S_0150	2.355	2.655	2.301	1.775	2.865	2.382	2.269	2.529	2.128	2.02	2.367	1.728	2.372	2.755	2.106	1.943	2.539	2.476	2.417	1.258	1.997	2.043	2.306	2.182	2.676	2.208	2.653	2.046	2.633	2.436	2.631	3.459	2.07	2.776	2.28734
037_S_0150_19139_I68780.long.037_S_0150	2.359	2.566	2.261	1.764	2.759	2.366	2.246	2.493	2.148	2.017	2.376	1.708	2.31	2.647	2.073	2.006	2.457	2.603	2.274	1.319	2.087	2.154	2.356	2.185	2.66	2.168	2.595	2.046	2.642	2.39	2.754	3.386	2.072	2.824	2.27803
037_S_0150_28754_I68534.long.037_S_0150	2.319	2.506	2.242	1.697	2.707	2.313	2.214	2.448	2.084	2.012	2.326	1.751	2.274	2.618	1.947	1.955	2.438	2.675	2.402	1.427	2.061	2.032	2.349	2.167	2.429	2.202	2.587	2.104	2.5	2.357	2.651	3.517	2.249	2.75	2.25991
037_S_0150_39159_I95645.long.037_S_0150	2.248	2.476	2.122	1.751	2.59	2.37	2.223	2.402	2.032	2.026	2.332	1.685	2.294	2.664	2.089	1.904	2.421	2.435	2.285	1.309	1.968	2.087	2.218	2.09	2.616	2.116	2.528	2.012	2.551	2.39	2.585	3.197	2.165	2.793	2.22282
037_S_0150_46265_I97106.long.037_S_0150	2.309	2.504	2.143	1.884	2.519	2.318	2.225	2.531	2.141	2.009	2.334	1.744	2.327	2.728	1.999	1.908	2.493	2.635	2.392	1.395	1.947	2.09	2.213	2.154	2.697	2.148	2.544	2.055	2.606	2.337	2.64	3.522	2.243	2.786	2.25037
037_S_0150_6565_I151122.long.037_S_0150	2.225	2.576	2.4	1.81	2.537	2.317	2.229	2.458	2.102	2.012	2.264	1.774	2.219	2.647	1.808	2.092	2.568	2.483	2.43	1.374	2.136	2.05	2.406	2.161	2.545	2.223	2.606	2.11	2.572	2.363	2.603	3.445	2.27	2.721	2.2804
037_S_0377_13873_I83094.long.037_S_0377	2.194	2.184	2.063	1.657	3.187	2.357	2.188	2.466	1.91	1.853	2.23	1.654	2.02	2.559	2.341	1.932	2.395	2.129	2.105	1.285	1.714	2.092	1.918	2.113	2.474	1.966	2.226	1.858	2.452	2.296	2.582	3.471	1.769	2.806	2.10739
037_S_0377_33742_I73631.long.037_S_0377	2.051	2.153	2.009	1.529	3.342	2.365	1.948	2.414	1.84	1.746	2.196	1.644	1.929	2.449	2.393	1.774	2.307	2.028	2.039	1.272	1.679	2.0	1.901	1.967	2.379	1.849	2.097	1.666	2.324	2.145	2.456	3.396	1.783	2.76	2.00945
037_S_0377_43048_I87597.long.037_S_0377	2.11	2.188	1.942	1.533	3.367	2.361	2.049	2.473	1.706	1.788	2.233	1.62	1.897	2.473	2.42	1.689	2.298	2.127	2.033	1.188	1.597	1.939	1.709	2.009	2.387	1.826	2.073	1.684	2.323	2.183	2.509	3.352	1.739	2.719	1.99777
037_S_0377_1599_I112239.long.037_S_0377	2.018	2.058	1.921	1.568	3.195	2.335	1.957	2.377	1.773	1.789	2.175	1.619	1.909	2.408	2.384	1.781	2.069	2.01	1.952	1.25	1.592	1.993	1.741	2.016	2.307	1.806	2.098	1.739	2.372	2.056	2.431	3.456	1.68	2.802	1.98252
037_S_0377_2468_I163184.long.037_S_0377	2.076	2.011	2.026	1.609	3.187	2.317	2.081	2.345	1.76	1.806	2.126	1.614	1.924	2.441	2.309	1.892	2.314	2.054	2.051	1.254	1.728	1.954	1.861	2.053	2.341	1.907	2.13	1.789	2.351	2.237	2.534	3.321	1.729	2.809	2.03722
052_S_0989_22476_I64179.long.052_S_0989	2.657	2.895	2.242	1.852	3.548	2.59	2.233	2.768	2.246	2.066	2.505	1.938	2.278	2.753	2.405	2.21	2.365	2.481	2.273	1.503	2.037	2.395	2.418	2.282	2.868	2.18	2.509	1.993	2.716	2.363	2.663	3.671	2.495	2.875	2.33638
052_S_0989_33301_I72241.long.052_S_0989	2.774	2.973	2.359	1.897	3.649	2.639	2.229	2.802	2.312	2.092	2.518	1.954	2.319	2.791	2.455	2.266	2.41	2.513	2.305	1.541	2.039	2.443	2.452	2.282	2.887	2.202	2.585	1.988	2.726	2.403	2.547	3.618	2.559	2.893	2.3678
052_S_0989_5330_I121970.long.052_S_0989	2.675	2.722	2.345	1.912	3.414	2.56	2.255	2.773	2.236	2.068	2.476	1.924	2.253	2.766	2.337	2.261	2.357	2.497	2.266	1.538	2.065	2.429	2.474	2.279	2.931	2.217	2.531	2.037	2.709	2.39	2.613	3.75	2.42	2.842	2.35133
052_S_0989_1084_I134908.long.052_S_0989	2.736	2.888	2.385	1.921	3.65	2.624	2.18	2.784	2.262	2.168	2.595	1.97	2.336	2.77	2.418	2.176	2.438	2.526	2.277	1.503	1.975	2.423	2.439	2.244	2.946	2.246	2.54	1.952	2.761	2.37	2.674	3.725	2.569	2.967	2.3602
052_S_0989_0362_I172277.long.052_S_0989	2.745	2.927	2.381	1.882	3.716	2.594	2.258	2.837	2.326	2.146	2.532	1.929	2.225	2.766	2.363	2.234	2.43	2.542	2.245	1.49	2.039	2.469	2.449	2.226	2.938	2.214	2.533	2.026	2.696	2.389	2.648	3.744	2.464	2.894	2.3607
053_S_0389_13550_I65676.long.053_S_0389	2.472	2.593	2.6	1.842	3.216	2.789	2.189	2.77	2.394	2.022	2.565	1.941	2.28	2.775	2.656	2.15	2.627	2.751	2.402	1.298	1.804	2.557	2.503	2.173	2.72	2.248	2.361	1.906	2.535	2.43	2.786	3.718	2.017	2.984	2.31676
053_S_0389_22124_I66635.long.053_S_0389	2.426	2.558	2.581	1.923	3.163	2.736	2.178	2.719	2.334	2.049	2.521	1.929	2.2	2.741	2.638	2.218	2.61	2.731	2.414	1.407	1.886	2.493	2.542	2.193	2.77	2.207	2.401	1.952	2.525	2.395	2.74	3.589	2.183	2.955	2.32039
053_S_0389_33442_I70726.long.053_S_0389	2.448	2.534	2.604	1.92	3.151	2.764	2.217	2.712	2.348	2.127	2.541	1.972	2.212	2.791	2.577	2.254	2.621	2.68	2.405	1.412	1.94	2.514	2.503	2.211	2.702	2.274	2.414	2.054	2.555	2.417	2.665	3.667	2.315	2.95	2.34918
053_S_0389_2763_I102396.long.053_S_0389	2.426	2.501	2.552	1.85	3.1	2.682	2.199	2.643	2.31	2.074	2.434	1.927	2.171	2.75	2.495	2.272	2.601	2.679	2.386	1.374	1.911	2.492	2.543	2.169	2.75	2.183	2.396	2.012	2.5	2.384	2.693	3.461	2.167	2.926	2.30969
053_S_0389_9575_I107985.long.053_S_0389	2.486	2.567	2.594	1.925	3.093	2.75	2.231	2.744	2.331	2.135	2.538	2.014	2.273	2.793	2.612	2.28	2.637	2.693	2.425	1.431	1.923	2.564	2.542	2.224	2.8	2.248	2.425	2.035	2.557	2.439	2.744	3.428	2.36	2.957	2.35854
053_S_0389_7915_I160223.long.053_S_0389	2.476	2.458	2.529	1.903	2.997	2.698	2.226	2.663	2.298	2.099	2.538	1.98	2.252	2.723	2.49	2.283	2.656	2.709	2.409	1.375	1.852	2.52	2.488	2.199	2.713	2.216	2.345	2.04	2.524	2.412	2.709	3.373	2.157	2.918	2.31876
053_S_0919_20422_I65689.long.053_S_0919	2.394	2.416	2.321	1.609	4.049	2.65	2.242	2.765	2.05	1.958	2.469	1.748	2.407	2.779	2.577	2.024	2.475	2.664	2.065	1.298	1.782	2.331	2.411	2.083	2.482	2.223	2.444	1.995	2.784	2.389	2.78	3.75	2.566	2.735	2.29703
053_S_0919_31892_I66653.long.053_S_0919	2.403	2.464	2.348	1.605	4.066	2.718	2.276	2.758	2.068	1.948	2.471	1.714	2.474	2.801	2.595	2.025	2.519	2.674	2.088	1.291	1.846	2.339	2.376	2.166	2.573	2.263	2.478	2.089	2.792	2.4	2.772	3.654	2.428	2.696	2.32062
053_S_0919_41934_I87132.long.053_S_0919	2.3	2.423	2.316	1.646	4.041	2.658	2.215	2.713	1.993	1.948	2.347	1.75	2.294	2.699	2.554	2.077	2.449	2.602	2.082	1.31	1.79	2.247	2.3	2.076	2.453	2.232	2.445	2.077	2.733	2.343	2.764	3.696	2.552	2.717	2.27634
053_S_0919_0926_I121422.long.053_S_0919	2.159	2.429	2.093	1.527	4.027	2.596	2.02	2.649	1.988	1.87	2.273	1.716	2.155	2.618	2.403	1.917	2.172	2.603	1.856	1.323	1.643	2.164	1.979	1.887	2.322	2.008	2.227	1.832	2.643	1.978	2.702	3.641	2.409	2.649	2.1138
053_S_0919_8400_I134516.long.053_S_0919	2.191	2.419	2.147	1.521	3.971	2.581	1.964	2.589	2.028	1.856	2.314	1.701	2.241	2.586	2.438	2.034	2.317	2.604	1.896	1.271	1.577	2.257	2.107	1.957	2.499	2.077	2.349	1.843	2.612	2.067	2.806	3.686	2.402	2.627	2.14187
053_S_0919_5835_I166930.long.053_S_0919	2.169	2.387	1.994	1.491	4.024	2.567	2.034	2.669	1.919	1.854	2.308	1.706	2.228	2.648	2.556	1.835	2.22	2.584	1.785	1.27	1.569	2.153	1.987	1.883	2.424	1.943	2.206	1.867	2.62	2.018	2.672	3.553	2.378	2.57	2.10191
057_S_0464_14736_I34707.long.057_S_0464	2.308	2.798	2.405	1.719	3.299	2.434	2.137	2.74	1.991	2.047	2.385	1.85	2.332	2.656	1.814	2.188	2.148	2.229	2.076	1.484	1.7	2.508	2.233	2.046	2.55	2.076	2.552	1.879	2.373	2.193	2.306	3.612	1.728	2.728	2.214
057_S_0464_25901_I62952.long.057_S_0464	2.155	2.785	2.191	1.809	3.364	2.503	2.105	2.753	1.959	2.014	2.449	1.849	2.394	2.682	1.872	2.277	2.151	2.291	2.114	1.473	1.702	2.573	2.054	2.1	2.561	2.07	2.551	1.901	2.397	2.069	2.588	3.709	1.859	2.615	2.20374
057_S_0464_33667_I72414.long.057_S_0464	2.365	2.745	2.538	1.748	3.382	2.52	2.202	2.828	1.878	2.009	2.507	1.828	2.436	2.727	1.974	2.36	2.204	2.259	2.225	1.468	1.802	2.527	2.289	2.077	2.596	2.169	2.555	1.932	2.493	2.295	2.705	3.707	1.979	2.681	2.27234
057_S_0464_42942_I85567.long.057_S_0464	2.188	2.591	2.485	1.832	3.356	2.465	2.15	2.685	1.905	1.983	2.435	1.841	2.329	2.627	1.776	2.322	2.257	2.201	2.188	1.599	1.821	2.466	2.403	2.104	2.55	2.151	2.539	1.957	2.387	2.26	2.587	3.564	2.109	2.647	2.25016
057_S_0464_2959_I123908.long.057_S_0464	2.283	2.662	2.422	1.78	3.331	2.426	2.149	2.689	1.875	1.989	2.429	1.813	2.4	2.619	1.817	2.234	2.183	2.242	2.158	1.514	1.739	2.478	2.297	2.055	2.479	2.131	2.499	1.924	2.374	2.241	2.511	3.559	2.125	2.57	2.22
057_S_0464_9136_I160245.long.057_S_0464	2.328	2.598	2.481	1.758	3.189	2.473	2.164	2.798	1.866	1.924	2.396	1.784	2.33	2.681	1.815	2.302	2.156	2.236	2.149	1.508	1.772	2.486	2.236	2.078	2.494	2.129	2.505	1.933	2.433	2.224	2.491	3.552	2.003	2.629	2.22525
067_S_0176_12799_I34797.long.067_S_0176	2.47	2.62	2.187	1.717	3.042	2.518	2.162	2.755	2.145	1.898	2.411	1.869	2.291	2.866	2.471	2.225	2.415	2.528	2.258	1.444	1.804	2.412	2.34	1.989	2.576	2.068	2.355	1.719	2.572	2.456	2.366	3.888	1.98	2.715	2.22239
067_S_0176_24106_I64938.long.067_S_0176	2.484	2.639	2.174	1.642	3.043	2.507	2.125	2.717	2.129	1.927	2.399	1.86	2.309	2.854	2.433	2.243	2.482	2.528	2.37	1.361	1.748	2.418	2.281	2.022	2.683	2.048	2.328	1.672	2.543	2.421	2.328	3.846	1.973	2.767	2.20666
067_S_0176_32619_I85968.long.067_S_0176	2.337	2.575	2.213	1.761	2.638	2.295	2.155	2.566	1.937	1.87	2.21	1.858	2.23	2.719	2.352	2.322	2.368	2.442	2.187	1.562	1.862	2.359	2.389	2.062	2.52	2.072	2.376	1.832	2.477	2.392	2.395	3.743	2.034	2.732	2.19981
067_S_0176_1877_I133399.long.067_S_0176	2.413	2.671	2.295	1.662	2.817	2.376	2.13	2.617	2.117	1.861	2.367	1.843	2.242	2.763	2.341	2.23	2.482	2.495	2.399	1.369	1.74	2.391	2.287	2.017	2.621	2.143	2.37	1.666	2.521	2.387	2.357	3.722	1.964	2.677	2.19212
067_S_0176_7162_I164203.long.067_S_0176	2.321	2.597	2.338	1.638	2.712	2.333	2.079	2.6	2.071	1.937	2.347	1.801	2.258	2.7	2.314	2.208	2.489	2.515	2.399	1.431	1.751	2.416	2.343	1.989	2.612	2.195	2.416	1.67	2.474	2.353	2.445	3.653	1.886	2.746	2.19397
067_S_0290_12592_I34846.long.067_S_0290	2.421	2.187	2.471	1.88	3.518	2.355	2.362	2.485	2.321	1.902	2.456	1.788	2.06	2.506	2.277	2.328	2.431	2.699	2.246	1.493	2.154	2.397	2.471	2.339	2.339	2.173	2.435	2.186	2.59	2.512	2.694	3.685	2.575	2.812	2.31123
067_S_0290_26711_I64305.long.067_S_0290	2.349	2.264	2.517	1.85	3.632	2.342	2.255	2.463	2.269	1.812	2.449	1.732	2.039	2.435	2.359	2.338	2.421	2.623	2.266	1.41	2.123	2.308	2.47	2.236	2.339	2.166	2.433	2.179	2.495	2.46	2.582	3.464	2.52	2.748	2.27298
067_S_0290_33523_I80634.long.067_S_0290	2.464	2.264	2.493	1.809	3.622	2.46	2.348	2.566	2.285	1.931	2.44	1.848	2.132	2.576	2.424	2.241	2.423	2.73	2.301	1.448	2.106	2.395	2.305	2.318	2.386	2.224	2.414	2.171	2.569	2.502	2.854	3.584	2.447	2.81	2.30754
067_S_0290_0435_I133413.long.067_S_0290	2.307	2.447	2.38	1.812	3.384	2.393	2.24	2.45	2.247	1.934	2.518	1.716	2.11	2.428	2.327	2.117	2.425	2.622	2.298	1.349	1.864	2.471	2.13	2.261	2.464	2.168	2.404	2.04	2.498	2.453	2.567	3.498	2.357	2.739	2.23204
067_S_0290_8375_I159977.long.067_S_0290	2.493	2.257	2.432	1.967	3.383	2.559	2.386	2.484	2.22	2.02	2.417	1.892	2.102	2.565	2.389	2.425	2.387	2.529	2.277	1.54	2.13	2.398	2.496	2.341	2.323	2.154	2.398	2.24	2.523	2.478	2.462	3.211	2.456	2.747	2.3256
068_S_0802_8266_I132915.long.068_S_0802	2.3	2.833	2.28	1.484	4.123	2.589	2.092	2.822	2.234	2.088	2.461	1.652	2.364	2.842	2.593	2.208	2.373	2.592	2.445	1.275	1.779	2.347	2.129	2.138	2.969	2.134	2.43	1.955	2.677	2.276	2.971	3.665	2.062	2.9	2.2786
068_S_0802_31778_I72459.long.068_S_0802	2.577	2.937	2.265	1.505	4.062	2.619	2.327	2.793	2.279	2.03	2.53	1.733	2.421	2.875	2.555	2.162	2.423	2.678	2.435	1.33	1.815	2.52	2.266	2.109	3.042	2.153	2.488	2.005	2.684	2.443	2.921	3.658	1.952	2.915	2.33005
068_S_0802_0785_I130194.long.068_S_0802	2.562	2.813	2.33	1.541	3.976	2.662	2.338	2.811	2.416	2.066	2.499	1.701	2.324	2.883	2.609	2.156	2.401	2.619	2.41	1.28	1.889	2.446	2.27	2.141	3.009	2.184	2.46	2.052	2.674	2.481	2.968	3.711	2.224	2.889	2.3405
068_S_0802_1055_I134917.long.068_S_0802	2.545	2.825	2.337	1.614	4.058	2.704	2.37	2.844	2.355	2.12	2.589	1.745	2.41	2.917	2.575	2.257	2.421	2.759	2.506	1.351	1.925	2.425	2.344	2.193	3.097	2.207	2.49	2.081	2.709	2.524	2.975	3.677	2.22	2.886	2.38066
072_S_1211_27809_I64960.long.072_S_1211	2.378	2.471	1.867	1.431	2.996	2.171	2.101	2.442	1.999	1.742	1.991	1.499	1.846	2.607	1.918	1.692	2.072	1.886	1.832	1.254	1.647	2.111	1.758	1.866	2.384	1.762	1.916	1.792	2.02	1.969	2.02	3.628	1.321	2.536	1.93909
072_S_1211_38985_I79012.long.072_S_1211	2.437	2.454	1.806	1.539	2.994	2.13	2.068	2.465	1.994	1.73	2.079	1.511	2.015	2.637	1.873	1.609	2.2	2.172	1.92	1.242	1.696	2.044	1.788	1.815	2.374	1.825	1.937	1.771	2.245	2.069	2.171	3.542	1.658	2.524	1.96854
072_S_1211_3433_I142170.long.072_S_1211	2.52	2.266	1.753	1.423	2.658	1.999	1.879	2.248	1.814	1.728	1.926	1.481	1.963	2.447	1.952	1.525	1.954	1.769	1.748	1.232	1.581	1.911	1.725	1.684	2.422	1.726	1.856	1.705	2.121	1.859	2.051	3.22	1.667	2.434	1.8575
072_S_1380_30046_I64332.long.072_S_1380	2.319	2.581	2.205	1.61	3.174	2.414	2.181	2.604	2.124	1.872	2.346	1.803	2.001	2.673	2.652	1.795	2.213	2.098	2.016	1.314	1.705	2.303	2.002	1.869	2.464	2.115	2.216	1.815	2.376	2.191	2.337	3.389	2.166	2.575	2.11332
072_S_1380_40699_I80312.long.072_S_1380	2.318	2.942	2.212	1.54	3.093	2.504	2.185	2.601	2.248	1.896	2.438	1.757	2.079	2.687	2.551	2.057	2.267	2.286	2.233	1.261	1.877	2.347	2.309	1.996	2.766	2.203	2.541	1.919	2.441	2.252	2.485	3.311	2.368	2.606	2.21988
072_S_1380_6966_I124147.long.072_S_1380	2.262	3.065	2.153	1.587	3.167	2.49	2.186	2.588	2.041	1.798	2.434	1.749	2.121	2.724	2.535	2.153	2.191	2.34	2.281	1.26	1.765	2.368	2.101	1.979	2.646	2.193	2.457	1.857	2.502	2.145	2.448	3.481	2.271	2.573	2.17795
072_S_1380_7033_I160856.long.072_S_1380	2.282	2.828	2.006	1.547	3.109	2.379	2.179	2.527	2.131	1.791	2.224	1.731	1.981	2.628	2.628	2.057	1.956	2.181	1.941	1.183	1.665	2.183	1.886	1.947	2.472	1.937	2.16	1.818	2.32	2.111	2.486	3.433	2.122	2.467	2.05793
072_S_1380_2718_I205524.long.072_S_1380	2.382	2.989	2.223	1.568	2.878	2.418	2.271	2.535	2.194	1.836	2.308	1.783	2.034	2.677	2.408	2.162	2.243	2.332	2.207	1.285	1.851	2.361	2.262	2.009	2.593	2.18	2.549	1.917	2.432	2.296	2.345	3.273	2.466	2.611	2.20906
094_S_0921_19582_I49510.long.094_S_0921	2.264	2.095	2.517	2.009	2.687	2.57	2.352	2.576	2.237	2.238	2.427	2.002	2.242	2.726	2.356	2.37	2.453	2.495	2.274	1.669	1.997	2.504	2.358	2.286	2.62	2.141	2.476	2.136	2.572	2.47	2.989	2.941	2.976	2.564	2.33281
094_S_0921_32299_I64365.long.094_S_0921	2.215	1.972	2.534	2.005	2.57	2.418	2.314	2.447	2.168	2.114	2.437	1.957	2.232	2.661	2.257	2.319	2.416	2.465	2.272	1.744	2.012	2.421	2.424	2.244	2.569	2.175	2.524	2.139	2.52	2.427	3.198	2.872	2.935	2.64	2.31262
094_S_0921_41573_I80397.long.094_S_0921	2.245	2.052	2.601	2.105	2.544	2.435	2.344	2.499	2.198	2.214	2.52	1.988	2.226	2.683	2.206	2.489	2.446	2.51	2.375	1.813	2.104	2.461	2.52	2.324	2.587	2.215	2.53	2.22	2.571	2.482	3.304	2.795	2.956	2.572	2.36527
094_S_0921_1885_I112448.long.094_S_0921	2.181	2.019	2.523	2.042	2.461	2.448	2.355	2.499	2.197	2.223	2.475	1.998	2.256	2.658	2.193	2.355	2.486	2.475	2.308	1.768	2.005	2.436	2.371	2.294	2.6	2.152	2.484	2.164	2.53	2.507	3.02	2.817	2.931	2.538	2.32673
094_S_0921_7639_I124778.long.094_S_0921	2.249	2.111	2.552	2.071	2.379	2.447	2.338	2.46	2.192	2.145	2.551	1.971	2.3	2.672	2.205	2.302	2.455	2.5	2.36	1.745	2.026	2.462	2.418	2.309	2.656	2.216	2.56	2.18	2.514	2.48	3.289	2.927	2.916	2.57	2.34116
094_S_0921_5002_I162819.long.094_S_0921	2.151	2.012	2.527	1.977	2.246	2.388	2.3	2.414	2.123	2.124	2.454	1.918	2.233	2.614	2.135	2.29	2.491	2.493	2.322	1.716	2.016	2.386	2.347	2.238	2.585	2.182	2.519	2.119	2.492	2.453	3.198	2.874	2.928	2.524	2.29551
094_S_1314_27488_I63196.long.094_S_1314	2.239	2.446	2.374	1.836	3.712	2.567	2.275	2.434	2.572	1.97	2.32	1.737	2.392	2.439	2.614	2.224	2.355	2.352	2.36	1.387	1.697	2.476	2.143	2.241	2.527	2.287	2.652	2.031	2.462	2.204	2.584	4.176	1.87	2.692	2.25765
094_S_1314_7528_I101774.long.094_S_1314	2.159	2.414	2.168	1.748	3.635	2.563	2.244	2.457	2.575	1.849	2.313	1.755	2.428	2.472	2.697	2.012	2.321	2.272	2.123	1.372	1.733	2.462	1.998	2.182	2.531	2.119	2.34	1.951	2.401	2.182	2.449	4.179	1.649	2.696	2.17452
094_S_1314_6302_I122248.long.094_S_1314	2.239	2.395	2.425	1.885	3.845	2.663	2.306	2.472	2.629	2.026	2.358	1.779	2.449	2.52	2.751	2.085	2.388	2.342	2.378	1.393	1.663	2.443	2.113	2.267	2.506	2.286	2.628	2.05	2.451	2.262	2.625	4.121	1.826	2.637	2.27264
094_S_1314_9127_I160059.long.094_S_1314	2.267	2.411	2.311	1.756	3.618	2.554	2.266	2.455	2.617	1.994	2.298	1.759	2.447	2.578	2.641	2.326	2.317	2.262	2.179	1.345	1.774	2.432	2.088	2.244	2.511	2.209	2.655	2.009	2.489	2.245	2.559	4.226	1.889	2.68	2.25269
094_S_1314_1492_I204322.long.094_S_1314	2.137	2.499	2.316	1.814	3.508	2.443	2.237	2.39	2.494	1.922	2.329	1.781	2.393	2.368	2.658	2.329	2.255	2.297	2.302	1.382	1.762	2.456	2.107	2.241	2.522	2.251	2.735	2.044	2.42	2.148	2.581	4.068	1.88	2.709	2.24227
098_S_0160_11224_I65739.long.098_S_0160	2.09	2.649	2.205	1.619	3.119	2.588	2.126	2.54	1.909	1.873	2.337	1.681	2.35	2.653	2.293	1.76	2.292	2.526	2.186	1.297	1.527	2.024	2.198	2.013	2.333	2.115	2.371	1.86	2.442	2.215	2.56	3.11	2.186	2.704	2.14809
098_S_0160_18510_I89459.long.098_S_0160	1.941	2.714	2.106	1.647	3.015	2.599	2.054	2.579	1.87	1.837	2.29	1.668	2.392	2.622	2.295	1.756	2.177	2.331	2.137	1.238	1.49	1.954	1.998	2.036	2.303	2.037	2.352	1.779	2.466	2.103	2.621	2.985	2.303	2.658	2.09966
098_S_0160_27398_I56004.long.098_S_0160	2.05	2.798	2.011	1.675	2.953	2.667	2.126	2.677	1.904	1.939	2.402	1.698	2.472	2.762	2.422	1.768	2.247	2.365	2.16	1.269	1.472	1.953	1.864	2.028	2.327	2.051	2.357	1.782	2.557	2.071	2.713	3.174	2.256	2.745	2.12949
098_S_0160_38219_I75102.long.098_S_0160	2.081	2.722	2.12	1.605	3.035	2.578	2.17	2.629	1.863	1.872	2.375	1.649	2.406	2.672	2.295	1.638	2.372	2.561	2.237	1.263	1.523	1.977	2.068	2.008	2.343	2.123	2.377	1.795	2.453	2.229	2.704	2.98	2.249	2.661	2.14111
098_S_0160_46224_I97182.long.098_S_0160	1.972	2.66	1.93	1.488	2.868	2.529	1.971	2.505	1.803	1.801	2.302	1.602	2.336	2.598	2.221	1.636	2.233	2.504	2.118	1.249	1.477	1.913	1.86	1.922	2.179	1.996	2.26	1.691	2.38	2.014	2.711	2.955	2.217	2.635	2.03386
098_S_0160_4221_I143357.long.098_S_0160	1.97	2.813	2.156	1.686	2.828	2.58	2.07	2.553	1.866	1.864	2.341	1.654	2.423	2.616	2.256	1.835	2.32	2.386	2.192	1.278	1.503	2.02	2.015	2.054	2.318	2.15	2.378	1.845	2.442	2.174	2.657	3.014	2.305	2.632	2.12896
099_S_0291_12065_I34524.long.099_S_0291	2.448	1.911	2.328	1.848	3.84	2.701	2.314	2.984	2.091	2.169	2.612	1.927	2.422	2.84	3.043	2.402	2.566	2.779	2.25	1.506	1.887	2.164	2.21	2.243	2.321	2.136	2.54	2.061	2.602	2.423	2.407	3.497	2.21	3.199	2.35272
099_S_0291_19512_I34531.long.099_S_0291	2.314	2.062	2.097	1.687	3.823	2.558	2.18	2.77	2.051	2.055	2.477	1.837	2.421	2.616	2.945	2.209	2.368	2.634	2.107	1.424	1.903	2.217	2.159	2.199	2.522	2.066	2.497	1.952	2.382	2.365	2.177	3.331	2.038	3.139	2.2526
099_S_0291_29168_I65442.long.099_S_0291	2.333	1.967	2.018	1.747	3.863	2.685	2.224	2.862	2.128	2.153	2.601	1.952	2.377	2.797	3.056	2.304	2.374	2.751	2.06	1.504	1.787	2.156	2.084	2.235	2.384	2.072	2.42	1.884	2.502	2.382	2.274	3.591	2.236	3.132	2.2763
099_S_0291_41016_I80442.long.099_S_0291	2.451	1.994	2.35	1.782	3.795	2.694	2.308	2.928	2.127	2.141	2.69	1.923	2.482	2.864	3.018	2.478	2.551	2.822	2.287	1.541	1.962	2.226	2.176	2.254	2.461	2.251	2.615	2.047	2.609	2.484	2.505	3.623	2.391	3.183	2.37683
099_S_0291_7067_I101787.long.099_S_0291	2.408	1.974	2.183	1.657	3.742	2.676	2.198	2.958	2.118	1.997	2.635	1.82	2.371	2.85	2.985	2.134	2.505	2.663	2.27	1.411	1.852	2.196	2.09	2.081	2.315	2.172	2.448	1.794	2.585	2.44	2.498	3.509	2.379	3.169	2.27728
099_S_0291_4844_I148058.long.099_S_0291	2.344	1.946	2.32	1.833	3.735	2.665	2.285	2.877	2.059	2.168	2.679	1.967	2.494	2.754	2.953	2.42	2.556	2.72	2.343	1.605	1.901	2.231	2.296	2.221	2.474	2.221	2.563	1.967	2.604	2.419	2.387	3.478	2.374	3.179	2.35703
100_S_0296_12814_I33121.long.100_S_0296	2.511	2.732	2.561	1.64	3.627	2.554	2.42	2.639	2.245	2.147	2.567	1.831	2.374	2.803	2.673	2.295	2.506	2.503	2.388	1.384	1.872	2.486	2.385	2.258	2.661	2.353	2.745	2.085	2.791	2.678	2.3	3.725	2.443	2.861	2.39731
100_S_0296_20894_I62341.long.100_S_0296	2.353	2.478	2.404	1.544	3.587	2.443	2.211	2.574	2.083	2.031	2.373	1.801	2.149	2.713	2.569	1.985	2.41	2.267	2.282	1.483	1.777	2.263	2.097	2.125	2.556	2.143	2.502	1.974	2.606	2.454	2.315	3.612	2.165	2.804	2.23931
100_S_0296_29945_I80659.long.100_S_0296	2.516	2.661	2.406	1.538	3.599	2.536	2.334	2.584	2.146	2.057	2.561	1.807	2.184	2.722	2.677	1.901	2.426	2.312	2.332	1.415	1.774	2.426	2.157	2.16	2.502	2.221	2.573	1.981	2.744	2.49	2.225	3.624	2.441	2.862	2.29184
109_S_0950_21165_I97200.long.109_S_0950	2.232	2.281	2.48	1.89	2.917	2.446	2.232	2.2	1.875	2.142	2.335	1.808	2.172	2.413	2.107	2.225	2.352	2.331	2.129	1.642	1.81	2.133	2.249	2.593	2.735	2.036	2.63	2.262	2.445	2.275	2.296	3.244	2.345	2.627	2.26108
109_S_0950_33867_I79026.long.109_S_0950	2.201	2.253	2.49	1.825	2.942	2.488	2.19	2.205	1.835	2.073	2.413	1.815	2.17	2.357	2.133	2.023	2.387	2.366	2.156	1.618	1.794	2.145	2.186	2.527	2.7	2.101	2.631	2.28	2.437	2.285	2.29	3.171	2.311	2.597	2.24725
109_S_0950_0598_I121090.long.109_S_0950	2.241	2.205	2.409	1.821	2.789	2.397	2.084	2.132	1.756	2.011	2.318	1.799	2.115	2.298	2.029	2.16	2.396	2.341	2.129	1.513	1.738	2.136	2.082	2.469	2.661	1.982	2.561	2.131	2.398	2.189	2.173	3.138	2.182	2.579	2.17818
109_S_0950_3533_I123271.long.109_S_0950	2.002	2.248	2.524	1.828	2.82	2.492	2.024	2.063	1.782	2.003	2.32	1.817	2.191	2.214	2.061	2.046	2.291	2.325	2.125	1.434	1.711	2.229	2.068	2.554	2.649	2.067	2.615	2.189	2.304	2.164	2.244	3.124	2.048	2.508	2.17808
109_S_0950_5779_I147503.long.109_S_0950	2.047	2.254	2.371	1.916	2.788	2.38	1.975	1.998	1.739	2.053	2.294	1.811	2.068	2.208	1.947	2.201	2.207	2.266	2.028	1.574	1.715	2.182	1.965	2.485	2.728	1.971	2.502	2.161	2.287	2.182	2.249	2.993	2.13	2.486	2.13881
114_S_0378_12760_I95688.long.114_S_0378	2.276	2.495	2.35	1.634	3.286	2.383	2.262	2.63	2.344	1.65	2.377	1.731	2.492	2.525	2.94	2.315	2.606	2.652	2.461	1.419	1.982	2.395	2.529	2.165	3.103	2.248	2.56	2.011	2.433	2.391	2.9	3.706	2.131	2.841	2.30064
114_S_0378_21540_I81418.long.114_S_0378	2.157	2.474	2.292	1.619	3.253	2.259	2.228	2.563	2.288	1.616	2.354	1.662	2.404	2.471	2.811	2.282	2.58	2.665	2.41	1.442	1.958	2.434	2.464	2.168	3.003	2.224	2.546	1.962	2.443	2.367	2.892	3.776	2.075	2.819	2.2637
114_S_0378_32395_I99104.long.114_S_0378	2.131	2.506	2.355	1.608	3.156	2.285	2.241	2.579	2.312	1.568	2.439	1.644	2.483	2.489	2.804	2.305	2.621	2.698	2.479	1.413	2.015	2.404	2.515	2.128	3.24	2.282	2.585	1.952	2.429	2.41	2.926	3.778	2.02	2.89	2.28668
114_S_0378_42779_I92590.long.114_S_0378	2.128	2.462	2.288	1.586	3.059	2.234	2.202	2.534	2.255	1.556	2.369	1.647	2.35	2.439	2.683	2.335	2.555	2.69	2.407	1.384	1.978	2.418	2.506	2.137	3.132	2.239	2.512	1.97	2.378	2.359	2.879	3.618	2.044	2.821	2.24876
114_S_0378_1925_I112328.long.114_S_0378	2.033	2.437	2.329	1.549	3.03	2.201	2.19	2.515	2.25	1.533	2.36	1.607	2.457	2.409	2.733	2.347	2.586	2.691	2.423	1.39	1.96	2.39	2.482	2.126	3.067	2.218	2.544	1.939	2.397	2.369	2.839	3.774	2.09	2.782	2.24208
114_S_0378_6813_I160104.long.114_S_0378	2.131	2.527	2.352	1.576	2.925	2.156	2.211	2.494	2.358	1.564	2.418	1.62	2.46	2.388	2.658	2.393	2.633	2.712	2.489	1.409	2.019	2.39	2.548	2.133	3.149	2.281	2.577	1.929	2.42	2.37	2.885	3.659	2.156	2.775	2.2657
116_S_0361_13809_I59753.long.116_S_0361	2.198	2.836	2.25	1.627	3.418	2.536	2.03	2.599	2.148	1.963	2.44	1.807	2.17	2.462	2.749	2.138	2.489	2.553	1.987	1.35	1.818	2.232	2.13	2.146	2.744	2.226	2.609	1.902	2.658	2.194	2.664	4.159	2.155	2.837	2.23124
116_S_0361_21220_I59763.long.116_S_0361	2.151	2.74	2.351	1.589	3.205	2.532	2.035	2.541	2.007	1.889	2.45	1.742	2.194	2.455	2.786	2.22	2.706	2.431	2.109	1.295	1.884	2.121	2.276	2.18	2.808	2.245	2.618	1.964	2.622	2.296	2.797	4.19	2.09	2.818	2.24864
116_S_0361_32277_I64383.long.116_S_0361	2.291	2.87	2.273	1.666	3.243	2.517	2.04	2.602	2.133	1.96	2.404	1.784	2.239	2.441	2.589	2.173	2.498	2.437	2.089	1.33	1.785	2.18	2.179	2.154	2.752	2.293	2.573	1.926	2.69	2.249	2.708	4.135	2.085	2.789	2.23879
116_S_0361_42153_I82612.long.116_S_0361	2.227	2.645	2.386	1.603	3.021	2.454	2.017	2.522	2.066	1.914	2.447	1.759	2.158	2.443	2.65	2.265	2.722	2.492	2.205	1.351	1.906	2.123	2.388	2.13	2.713	2.273	2.59	1.913	2.591	2.282	2.685	4.056	2.115	2.81	2.24733
116_S_0361_9272_I105474.long.116_S_0361	2.192	2.77	2.272	1.583	3.117	2.47	1.967	2.559	2.032	1.868	2.406	1.737	2.162	2.449	2.665	2.151	2.686	2.405	2.094	1.274	1.828	2.103	2.289	2.056	2.831	2.245	2.572	1.866	2.646	2.227	2.724	3.946	2.216	2.707	2.21028
116_S_0361_7442_I151179.long.116_S_0361	2.057	2.772	2.19	1.572	2.734	2.38	1.86	2.397	2.062	1.86	2.247	1.749	2.123	2.286	2.594	2.128	2.395	2.443	2.037	1.345	1.748	2.068	2.129	2.042	2.745	2.241	2.527	1.822	2.5	2.114	2.56	4.064	2.045	2.717	2.14169
123_S_1300_27689_I66305.long.123_S_1300	2.299	2.474	2.44	1.501	3.511	2.559	2.323	2.863	2.449	2.108	2.485	1.73	2.299	2.765	2.853	2.107	2.502	2.867	2.427	1.381	1.831	2.561	2.284	2.292	2.897	2.16	2.433	2.12	2.569	2.436	2.706	3.675	2.398	2.878	2.33598
123_S_1300_40837_I80894.long.123_S_1300	2.21	2.562	2.51	1.542	3.591	2.466	2.28	2.731	2.413	2.091	2.457	1.777	2.247	2.7	2.778	2.39	2.525	2.848	2.371	1.431	1.885	2.619	2.316	2.312	2.695	2.275	2.614	2.103	2.597	2.402	2.841	3.739	2.649	2.903	2.3551
123_S_1300_7447_I102132.long.123_S_1300	2.281	2.49	2.538	1.697	3.488	2.365	2.289	2.725	2.451	2.076	2.406	1.797	2.177	2.589	2.718	2.397	2.549	2.666	2.366	1.55	1.929	2.601	2.46	2.256	2.704	2.244	2.595	2.135	2.602	2.463	2.763	3.807	2.603	2.996	2.36073
123_S_1300_7266_I124530.long.123_S_1300	2.323	2.595	2.436	1.655	3.426	2.401	2.293	2.732	2.405	2.143	2.442	1.805	2.266	2.656	2.739	2.004	2.575	2.732	2.485	1.494	1.839	2.551	2.357	2.283	2.83	2.198	2.506	2.129	2.576	2.438	2.786	3.593	2.628	2.866	2.33911
123_S_1300_5110_I143851.long.123_S_1300	2.336	2.498	2.518	1.636	3.391	2.294	2.273	2.664	2.328	2.055	2.388	1.784	2.21	2.614	2.661	2.392	2.577	2.738	2.435	1.458	1.945	2.508	2.442	2.235	2.71	2.293	2.55	2.077	2.603	2.451	2.737	3.747	2.614	2.909	2.34171
123_S_1300_2646_I176976.long.123_S_1300	2.253	2.416	2.532	1.617	3.222	2.298	2.233	2.648	2.265	2.07	2.424	1.756	2.249	2.528	2.577	2.391	2.456	2.684	2.411	1.512	1.996	2.472	2.412	2.187	2.714	2.31	2.59	2.094	2.562	2.408	2.843	3.434	2.519	2.895	2.3296
127_S_0925_21560_I67266.long.127_S_0925	2.333	2.192	2.017	1.513	2.758	2.306	2.119	2.606	1.99	1.901	2.312	1.618	2.249	2.681	2.491	1.877	2.409	2.292	2.062	1.188	1.648	1.805	2.022	2.107	2.914	1.986	2.23	1.837	2.354	2.111	2.525	3.42	2.027	2.488	2.10179
127_S_0925_32506_I82664.long.127_S_0925	2.428	2.241	2.232	1.559	2.149	2.369	2.287	2.625	2.052	1.938	2.277	1.599	2.272	2.672	2.197	1.856	2.447	2.311	2.044	1.203	1.763	1.907	2.102	2.179	2.87	2.005	2.272	1.942	2.358	2.242	2.388	3.245	2.111	2.567	2.15571
127_S_0925_43012_I85641.long.127_S_0925	2.346	2.26	2.182	1.534	2.657	2.303	2.158	2.582	1.979	1.911	2.397	1.642	2.254	2.656	2.283	1.971	2.378	2.316	2.131	1.266	1.759	1.873	2.118	2.137	2.933	2.063	2.376	1.882	2.339	2.271	2.417	3.04	2.161	2.514	2.15394
127_S_0925_1172_I109910.long.127_S_0925	2.421	2.218	2.253	1.47	2.529	2.22	2.199	2.597	1.955	1.958	2.359	1.644	2.223	2.618	2.351	1.859	2.462	2.424	2.142	1.214	1.75	1.879	2.169	2.019	2.952	2.089	2.256	1.864	2.354	2.257	2.419	3.147	2.076	2.486	2.1432
127_S_0925_0215_I129646.long.127_S_0925	2.417	2.194	2.141	1.504	2.601	2.251	2.139	2.518	1.812	1.905	2.134	1.572	2.184	2.58	2.371	1.894	2.393	2.268	2.058	1.208	1.65	1.787	1.991	1.998	2.766	2.012	2.249	1.877	2.31	2.232	2.308	3.12	2.055	2.474	2.08764
127_S_0925_5868_I162956.long.127_S_0925	2.277	2.309	2.035	1.416	2.422	2.278	2.161	2.548	1.924	1.923	2.303	1.615	2.251	2.628	2.251	1.814	2.448	2.17	2.1	1.186	1.672	1.933	2.011	1.974	2.903	2.01	2.184	1.843	2.347	2.224	2.466	3.144	2.194	2.447	2.09385
128_S_0135_11200_I68623.long.128_S_0135	2.612	3.027	2.166	1.67	3.335	2.337	2.259	2.601	2.524	1.847	2.773	1.913	2.428	2.76	2.296	2.112	2.325	2.665	2.201	1.435	1.757	2.517	2.161	2.195	2.826	2.119	2.501	1.904	2.575	2.297	2.944	3.582	2.362	2.764	2.25263
128_S_0135_19183_I69631.long.128_S_0135	2.519	3.047	2.27	1.708	3.558	2.52	2.25	2.755	2.455	1.924	2.81	1.961	2.429	2.832	2.583	2.177	2.447	2.711	2.278	1.401	1.819	2.476	2.221	2.164	2.571	2.182	2.549	1.967	2.566	2.298	2.947	3.679	2.361	2.843	2.30085
128_S_0135_26272_I68630.long.128_S_0135	2.276	3.029	1.998	1.742	3.069	2.347	2.177	2.529	2.407	1.882	2.752	1.999	2.39	2.608	2.428	2.089	2.205	2.436	2.117	1.506	1.775	2.422	1.945	2.078	2.571	2.043	2.402	1.919	2.284	2.217	3.144	3.195	1.836	2.655	2.17667
128_S_0135_38342_I75120.long.128_S_0135	2.603	3.085	2.245	1.733	3.441	2.454	2.214	2.638	2.516	1.881	2.68	1.911	2.381	2.788	2.549	2.099	2.331	2.504	2.141	1.37	1.814	2.541	2.155	2.164	2.599	2.127	2.507	1.836	2.489	2.189	3.257	3.506	2.368	2.785	2.24647
128_S_0135_8928_I160175.long.128_S_0135	2.319	3.102	2.118	1.626	3.437	2.367	2.226	2.637	2.464	1.787	2.659	1.947	2.252	2.695	2.529	2.143	2.313	2.619	2.063	1.419	1.825	2.505	2.111	2.161	2.409	2.067	2.466	1.899	2.449	2.261	3.206	3.525	2.268	2.736	2.21946
128_S_0138_1204_I104521.long.128_S_0138	2.554	2.402	2.532	1.767	3.352	2.579	2.341	2.622	2.306	2.12	2.554	1.974	2.44	2.767	2.197	2.17	2.528	2.361	2.263	1.48	2.013	2.673	2.403	2.308	2.776	2.248	2.6	2.26	2.641	2.451	2.951	3.717	2.442	3.117	2.38928
128_S_0138_18461_I68639.long.128_S_0138	2.532	2.39	2.495	1.816	3.208	2.672	2.355	2.773	2.298	2.09	2.468	1.999	2.435	2.86	2.216	2.216	2.526	2.36	2.337	1.54	1.969	2.609	2.304	2.304	2.824	2.28	2.582	2.157	2.65	2.416	2.861	3.475	2.411	3.118	2.38283
128_S_0138_26783_I68652.long.128_S_0138	2.555	2.352	2.473	1.782	3.287	2.631	2.344	2.773	2.334	2.094	2.395	2.052	2.487	2.825	2.16	2.307	2.458	2.364	2.297	1.555	1.889	2.613	2.217	2.321	2.702	2.192	2.61	2.142	2.625	2.447	2.755	3.605	2.311	3.001	2.36315
128_S_0188_11508_I69639.long.128_S_0188	2.23	2.531	1.921	1.402	2.872	2.329	1.724	2.268	2.181	1.725	2.035	1.682	1.956	2.316	2.023	1.761	2.044	2.137	1.983	1.218	1.601	2.321	1.878	1.746	2.983	1.728	1.894	1.476	2.351	1.882	2.287	3.29	1.878	2.775	1.90758
128_S_0188_18651_I68657.long.128_S_0188	2.214	2.46	1.83	1.503	2.522	2.253	1.792	2.266	2.257	1.793	2.162	1.717	1.993	2.351	2.023	1.898	2.146	2.068	1.964	1.244	1.661	2.316	1.823	1.83	2.952	1.824	1.987	1.576	2.316	1.932	2.438	3.162	1.988	2.804	1.94838
128_S_0188_26528_I68670.long.128_S_0188	2.201	2.489	1.739	1.475	2.605	2.101	1.748	2.248	2.259	1.786	2.029	1.702	1.906	2.347	1.982	1.775	2.035	1.995	1.84	1.234	1.553	2.355	1.772	1.828	3.096	1.683	1.897	1.524	2.299	1.897	2.245	3.07	1.784	2.743	1.88908
128_S_0188_37899_I74514.long.128_S_0188	2.235	2.352	1.773	1.428	2.143	2.222	1.762	2.269	2.172	1.784	2.11	1.726	1.964	2.378	2.012	1.824	1.972	2.104	1.806	1.21	1.611	2.329	1.735	1.769	2.896	1.72	1.926	1.497	2.32	1.909	2.456	3.12	1.91	2.76	1.89943
128_S_0188_46893_I99219.long.128_S_0188	2.26	2.536	1.725	1.432	2.224	2.031	1.561	2.115	2.015	1.745	2.009	1.714	1.899	2.171	2.036	1.747	2.085	2.001	1.877	1.273	1.576	2.269	1.81	1.634	2.971	1.649	1.804	1.368	2.256	1.804	2.14	3.045	1.692	2.675	1.82168
128_S_0200_11638_I68802.long.128_S_0200	2.516	2.632	2.388	1.555	3.914	2.606	2.327	2.84	2.305	2.01	2.558	1.763	2.137	2.702	2.574	2.188	2.4	2.391	2.274	1.248	1.925	2.466	2.337	2.045	2.632	2.249	2.64	1.964	2.806	2.547	2.899	3.712	2.51	2.921	2.32522
128_S_0200_18928_I98866.long.128_S_0200	2.602	2.63	2.409	1.598	3.917	2.656	2.342	2.935	2.415	1.954	2.572	1.729	2.351	2.772	2.699	2.286	2.469	2.446	2.385	1.218	1.957	2.519	2.321	2.15	2.616	2.244	2.609	2.041	2.802	2.569	2.845	3.702	2.475	2.958	2.35314
128_S_0200_27619_I68679.long.128_S_0200	2.595	2.651	2.386	1.593	3.715	2.677	2.367	2.901	2.452	2.024	2.545	1.763	2.368	2.745	2.668	2.213	2.532	2.418	2.385	1.301	1.989	2.494	2.38	2.137	2.587	2.25	2.578	1.966	2.817	2.576	2.874	3.679	2.54	2.93	2.35573
128_S_0200_39246_I79851.long.128_S_0200	2.556	2.535	2.427	1.547	3.827	2.64	2.372	2.901	2.358	2.02	2.502	1.719	2.384	2.745	2.612	2.246	2.433	2.395	2.395	1.244	2.01	2.428	2.433	2.115	2.625	2.249	2.554	2.035	2.718	2.517	2.75	3.693	2.477	2.97	2.3465
128_S_0200_7002_I102414.long.128_S_0200	2.539	2.655	2.358	1.544	4.017	2.635	2.307	2.891	2.324	1.944	2.522	1.764	2.315	2.756	2.618	2.218	2.409	2.402	2.334	1.252	1.888	2.476	2.314	1.952	2.598	2.254	2.536	1.885	2.732	2.506	2.915	3.754	2.429	2.95	2.3047
128_S_0200_8826_I160329.long.128_S_0200	2.134	2.515	2.24	1.56	3.989	2.506	2.212	2.791	2.33	1.938	2.488	1.758	2.221	2.64	2.541	1.981	2.256	2.322	2.176	1.286	1.815	2.444	2.177	1.961	2.362	2.17	2.487	1.872	2.575	2.297	2.855	3.621	2.127	2.884	2.22158
128_S_0205_11578_I68813.long.128_S_0205	2.52	2.536	2.307	1.515	3.481	2.351	2.349	2.303	2.542	1.972	2.421	1.749	2.268	2.586	1.812	2.147	2.455	2.332	2.396	1.381	1.937	2.268	2.234	2.214	2.731	2.257	2.609	2.041	2.645	2.45	2.71	3.556	1.917	2.934	2.27773
128_S_0205_18697_I68684.long.128_S_0205	2.66	2.537	2.431	1.549	3.519	2.635	2.448	2.658	2.529	1.972	2.39	1.749	2.244	2.769	2.17	2.212	2.581	2.436	2.53	1.336	1.917	2.308	2.187	2.336	2.63	2.437	2.714	2.126	2.713	2.56	2.778	3.683	2.073	2.931	2.3604
128_S_0205_27625_I68819.long.128_S_0205	2.676	2.494	2.453	1.587	3.652	2.622	2.437	2.65	2.517	2.027	2.407	1.771	2.283	2.765	2.145	2.174	2.526	2.427	2.488	1.397	1.906	2.37	2.254	2.306	2.628	2.412	2.693	2.127	2.733	2.53	2.757	3.775	2.317	2.934	2.36534
128_S_0205_38865_I75669.long.128_S_0205	2.656	2.599	2.282	1.567	3.637	2.661	2.281	2.62	2.641	2.016	2.418	1.791	2.288	2.773	2.131	2.175	2.402	2.413	2.383	1.372	1.826	2.428	2.108	2.291	2.661	2.366	2.716	2.001	2.794	2.37	2.878	3.823	2.067	2.989	2.32529
128_S_0205_46888_I99300.long.128_S_0205	2.656	2.578	2.417	1.606	3.599	2.605	2.413	2.608	2.474	2.02	2.462	1.799	2.272	2.8	2.143	2.169	2.532	2.477	2.544	1.322	1.877	2.34	2.201	2.311	2.603	2.407	2.691	2.095	2.758	2.547	2.818	3.713	2.27	2.957	2.35786
128_S_0225_11679_I68842.long.128_S_0225	2.239	2.684	2.347	1.906	3.383	2.35	2.272	2.387	2.246	2.003	2.632	1.768	2.458	2.537	2.423	2.123	2.312	2.356	2.228	1.425	1.761	2.237	2.177	2.16	3.3	2.202	2.547	1.937	2.398	2.238	2.793	3.577	2.229	2.837	2.2413
128_S_0225_19109_I90587.long.128_S_0225	2.266	2.761	2.485	1.973	3.523	2.405	2.316	2.506	2.234	2.025	2.611	1.758	2.447	2.644	2.525	2.281	2.392	2.275	2.353	1.436	2.01	2.233	2.398	2.234	2.979	2.253	2.625	2.046	2.439	2.323	2.777	3.664	2.274	2.791	2.31983
128_S_0225_27217_I68702.long.128_S_0225	2.217	2.91	2.445	1.921	3.455	2.515	2.328	2.547	2.27	2.118	2.633	1.831	2.427	2.67	2.553	2.317	2.404	2.296	2.364	1.394	1.97	2.239	2.4	2.215	3.146	2.165	2.581	2.036	2.436	2.324	2.829	3.744	2.331	2.754	2.32193
128_S_0225_39167_I89874.long.128_S_0225	2.281	2.784	2.493	1.966	3.466	2.445	2.318	2.494	2.263	2.042	2.694	1.822	2.489	2.628	2.502	2.289	2.387	2.398	2.331	1.411	1.985	2.217	2.37	2.208	3.167	2.288	2.623	1.998	2.445	2.358	2.81	3.618	2.384	2.778	2.32317
128_S_0225_7291_I102096.long.128_S_0225	2.251	2.73	2.355	1.961	3.259	2.475	2.316	2.479	2.254	2.12	2.641	1.823	2.609	2.534	2.47	2.129	2.256	2.339	2.256	1.371	1.951	2.274	2.171	2.218	3.065	2.234	2.527	2.033	2.292	2.238	3.271	3.494	2.271	2.785	2.27847
128_S_0608_15212_I69019.long.128_S_0608	2.111	2.511	2.098	1.827	3.504	2.161	1.946	2.403	1.633	1.872	2.4	1.74	2.183	2.431	2.146	2.123	2.266	2.409	2.137	1.458	1.848	2.043	2.405	1.897	2.681	2.064	2.275	1.952	2.573	2.096	2.47	3.544	2.195	2.585	2.14599
128_S_0608_23973_I69023.long.128_S_0608	1.906	2.489	1.709	1.758	3.487	2.23	1.742	2.396	1.616	1.784	2.257	1.811	2.151	2.36	2.186	2.16	2.102	2.399	1.95	1.492	1.735	2.088	1.927	1.965	2.566	1.942	2.18	1.826	2.457	1.882	2.3	3.75	2.154	2.537	2.03408
128_S_0608_34229_I69372.long.128_S_0608	2.117	2.466	1.871	1.746	3.552	2.215	1.794	2.48	1.64	1.802	2.362	1.679	2.29	2.418	2.207	2.107	2.336	2.523	2.267	1.41	1.755	2.042	2.028	1.848	2.637	2.066	2.195	1.84	2.549	2.074	2.403	3.509	2.22	2.604	2.0884
128_S_0608_44144_I89888.long.128_S_0608	1.962	2.54	1.631	1.748	3.573	2.155	1.703	2.389	1.589	1.803	2.296	1.757	2.275	2.354	2.165	2.04	2.161	2.327	2.029	1.466	1.64	2.08	1.783	1.879	2.671	1.911	2.102	1.797	2.51	1.834	2.314	3.631	2.255	2.58	2.00521
128_S_0608_3986_I123944.long.128_S_0608	1.875	2.532	1.848	1.826	3.357	2.113	1.847	2.313	1.579	1.784	2.273	1.791	2.148	2.257	2.128	2.215	2.215	2.489	2.187	1.492	1.705	2.047	2.088	1.869	2.582	2.002	2.092	1.924	2.461	1.942	2.294	3.636	2.145	2.694	2.05708
128_S_0770_17428_I70859.long.128_S_0770	2.435	2.937	2.478	1.923	3.155	2.777	2.397	2.774	2.377	2.231	2.664	1.974	2.134	2.803	2.252	2.305	2.602	2.376	2.441	1.563	2.007	2.565	2.453	2.235	2.647	2.281	2.597	2.058	2.831	2.539	2.709	4.178	2.264	2.956	2.4216
128_S_0770_25986_I69715.long.128_S_0770	2.537	2.854	2.435	1.902	3.356	2.923	2.396	3.002	2.551	2.295	2.624	1.992	2.44	2.969	2.41	2.363	2.571	2.557	2.408	1.66	1.958	2.618	2.416	2.341	2.801	2.216	2.673	2.033	2.816	2.465	2.594	4.246	2.24	3.037	2.45776
128_S_0770_37023_I75678.long.128_S_0770	2.423	2.872	2.222	1.91	3.561	2.914	2.348	3.021	2.472	2.266	2.556	2.014	2.397	2.918	2.484	2.181	2.524	2.449	2.281	1.584	1.836	2.643	2.117	2.204	2.748	2.143	2.541	1.888	2.773	2.288	2.555	4.129	2.121	3.039	2.3697
128_S_0770_7839_I102807.long.128_S_0770	2.454	2.838	2.49	1.83	3.529	2.88	2.338	2.91	2.412	2.185	2.627	2.0	2.323	2.851	2.325	2.248	2.437	2.427	2.36	1.668	1.998	2.539	2.347	2.252	2.786	2.225	2.623	1.976	2.755	2.473	2.562	4.115	2.161	2.987	2.40753
130_S_0285_12462_I39117.long.130_S_0285	2.365	2.537	2.277	1.849	4.102	2.77	2.57	2.976	2.542	2.231	2.621	2.115	2.424	2.887	2.728	2.629	2.588	2.901	2.248	1.727	2.191	2.544	2.706	2.454	2.883	2.443	2.809	2.298	2.857	2.588	2.995	4.239	2.593	2.891	2.5428
130_S_0285_9028_I138928.long.130_S_0285	2.367	2.445	2.345	1.867	3.971	2.799	2.601	2.962	2.539	2.222	2.579	2.108	2.39	2.9	2.828	2.605	2.63	2.794	2.255	1.713	2.202	2.532	2.642	2.463	2.99	2.495	2.824	2.305	2.806	2.566	3.053	4.378	2.577	2.902	2.54297
130_S_0285_41536_I80917.long.130_S_0285	2.254	2.535	2.218	1.803	3.904	2.794	2.488	2.95	2.454	2.156	2.604	2.077	2.424	2.864	2.877	2.493	2.577	2.859	2.105	1.658	2.027	2.481	2.504	2.348	3.068	2.407	2.796	2.201	2.765	2.396	3.202	4.179	2.403	2.907	2.47104
130_S_0285_3676_I123380.long.130_S_0285	2.35	2.426	2.288	1.865	3.998	2.813	2.537	2.966	2.487	2.239	2.575	2.129	2.417	2.912	2.86	2.561	2.613	2.786	2.235	1.75	2.167	2.497	2.625	2.376	2.951	2.452	2.803	2.178	2.824	2.507	3.244	4.163	2.596	2.945	2.51917
130_S_0449_5123_I121508.long.130_S_0449	2.38	2.54	2.375	1.615	3.048	2.464	2.144	2.621	2.13	2.058	2.529	1.721	2.241	2.703	2.454	2.156	2.356	2.536	2.231	1.386	1.861	2.261	2.294	2.1	2.498	2.131	2.523	1.895	2.662	2.316	3.063	3.49	2.57	2.716	2.25398
130_S_0449_22250_I80930.long.130_S_0449	2.511	2.559	2.434	1.673	2.852	2.557	2.299	2.668	2.191	2.261	2.483	1.822	2.421	2.735	2.435	2.145	2.5	2.566	2.363	1.42	1.854	2.255	2.315	2.246	2.628	2.126	2.622	2.032	2.728	2.413	2.845	3.459	2.456	2.77	2.33057
130_S_0449_27201_I80939.long.130_S_0449	2.485	2.565	2.437	1.626	3.05	2.522	2.242	2.613	2.12	2.211	2.535	1.727	2.297	2.753	2.54	2.112	2.487	2.544	2.346	1.411	1.88	2.236	2.423	2.14	2.642	2.161	2.588	1.957	2.723	2.407	2.984	3.574	2.625	2.689	2.31217
130_S_0449_45347_I92022.long.130_S_0449	2.389	2.474	2.307	1.68	2.719	2.395	2.117	2.504	2.05	2.109	2.421	1.772	2.24	2.633	2.296	2.063	2.439	2.486	2.348	1.488	1.829	2.089	2.335	2.108	2.506	2.083	2.482	1.933	2.632	2.341	2.921	3.612	2.581	2.647	2.23583
130_S_0449_3702_I123953.long.130_S_0449	2.344	2.41	2.261	1.634	2.844	2.417	2.098	2.5	2.044	2.155	2.428	1.814	2.198	2.614	2.352	2.078	2.365	2.453	2.279	1.448	1.735	2.111	2.206	2.026	2.505	2.004	2.401	1.852	2.63	2.184	2.885	3.433	2.58	2.644	2.19222
131_S_0384_12790_I48002.long.131_S_0384	2.384	2.515	2.029	1.425	3.828	2.422	2.045	2.699	2.193	1.949	2.509	1.572	2.276	2.692	2.549	1.948	2.31	2.573	2.028	1.17	1.595	2.556	1.791	2.127	2.981	1.98	2.388	1.816	2.523	2.153	2.848	3.417	2.256	2.799	2.14095
131_S_0384_24435_I67756.long.131_S_0384	2.573	2.55	2.033	1.568	3.736	2.559	2.188	2.775	2.328	2.048	2.59	1.667	2.234	2.744	2.654	1.949	2.372	2.492	2.066	1.206	1.602	2.587	1.829	2.227	2.973	1.975	2.289	1.914	2.577	2.231	2.867	3.485	2.531	2.995	2.19624
131_S_0384_33802_I80769.long.131_S_0384	2.407	2.448	1.931	1.457	3.745	2.371	2.022	2.698	2.146	1.908	2.383	1.581	2.182	2.671	2.597	1.795	2.098	2.215	1.88	1.189	1.589	2.482	1.661	2.007	2.766	1.906	2.184	1.722	2.415	1.997	2.401	3.387	2.184	2.748	2.05539
131_S_0384_44574_I94667.long.131_S_0384	2.344	2.434	2.023	1.451	3.667	2.464	2.001	2.658	2.22	1.915	2.405	1.635	2.092	2.624	2.522	1.791	2.165	2.456	1.965	1.149	1.58	2.388	1.775	2.102	2.734	1.998	2.234	1.731	2.459	2.066	2.601	3.453	2.162	2.85	2.08906
131_S_0384_9312_I105521.long.131_S_0384	2.516	2.533	2.094	1.512	3.616	2.396	2.18	2.744	2.105	1.911	2.511	1.575	2.166	2.673	2.554	1.677	2.398	2.385	2.098	1.168	1.639	2.522	1.904	2.096	2.826	1.921	2.246	1.784	2.506	2.24	2.727	3.578	2.355	2.867	2.13857
131_S_0384_6964_I160347.long.131_S_0384	2.522	2.412	1.985	1.509	3.647	2.335	2.107	2.665	2.124	1.974	2.374	1.566	2.133	2.57	2.516	1.879	2.305	2.331	2.131	1.246	1.594	2.379	1.927	2.078	2.901	1.945	2.198	1.803	2.433	2.179	2.388	3.28	2.269	2.82	2.10929
133_S_0771_18575_I92286.long.133_S_0771	2.009	2.263	2.394	1.695	3.365	2.364	2.358	2.792	2.109	2.015	2.478	1.685	2.135	2.747	2.662	2.184	2.41	2.714	2.337	1.301	1.749	2.322	2.262	2.197	2.763	2.055	2.485	2.038	2.671	2.435	2.375	3.717	2.35	2.722	2.27475
133_S_0771_29296_I72556.long.133_S_0771	1.987	2.271	2.421	1.665	3.412	2.308	2.284	2.743	2.175	1.951	2.509	1.627	2.115	2.674	2.618	2.231	2.41	2.83	2.366	1.238	1.728	2.357	2.246	2.181	2.9	2.109	2.512	1.981	2.663	2.422	2.301	3.775	2.32	2.664	2.25805
133_S_0771_41411_I91189.long.133_S_0771	1.985	2.257	2.436	1.674	3.14	2.339	2.249	2.648	1.985	1.907	2.432	1.635	2.125	2.661	2.48	2.218	2.431	2.675	2.383	1.228	1.815	2.218	2.345	2.154	2.795	2.148	2.586	2.077	2.607	2.362	2.434	3.823	2.357	2.679	2.26296
133_S_0771_9013_I108076.long.133_S_0771	2.189	2.263	2.309	1.602	3.296	2.442	2.334	2.787	1.972	1.93	2.447	1.639	2.093	2.77	2.598	2.174	2.29	2.763	2.286	1.247	1.74	2.362	2.127	2.221	2.812	2.028	2.531	2.074	2.664	2.398	2.431	3.827	2.218	2.635	2.25493
133_S_0771_7011_I124335.long.133_S_0771	2.118	2.267	2.436	1.74	3.252	2.504	2.397	2.868	2.119	2.057	2.582	1.695	2.22	2.778	2.636	2.283	2.473	2.825	2.469	1.267	1.853	2.376	2.314	2.238	2.778	2.207	2.637	2.149	2.712	2.478	2.464	3.796	2.26	2.728	2.34826
133_S_0792_18306_I66373.long.133_S_0792	2.372	2.356	2.388	1.645	3.198	2.543	2.354	2.607	2.027	2.025	2.511	1.74	2.421	2.786	2.791	2.145	2.5	2.543	2.377	1.483	1.846	2.215	2.474	2.226	2.336	2.225	2.589	2.067	2.627	2.465	2.837	3.61	2.377	2.928	2.3428
133_S_0792_29222_I81567.long.133_S_0792	2.528	2.429	2.464	1.587	3.299	2.622	2.381	2.695	2.029	2.061	2.561	1.771	2.547	2.872	2.822	2.092	2.503	2.567	2.38	1.49	1.778	2.277	2.326	2.272	2.433	2.302	2.659	2.062	2.685	2.47	2.776	3.858	2.394	2.964	2.37128
133_S_0792_39994_I92721.long.133_S_0792	2.371	2.386	2.333	1.614	2.767	2.495	2.278	2.63	1.988	1.904	2.48	1.737	2.402	2.69	2.805	2.073	2.422	2.628	2.321	1.458	1.727	2.253	2.285	2.222	2.428	2.132	2.546	1.997	2.628	2.37	2.957	3.388	2.001	3.036	2.28398
133_S_0792_7229_I102543.long.133_S_0792	2.412	2.417	2.371	1.631	3.14	2.492	2.31	2.644	2.041	1.909	2.469	1.654	2.366	2.81	2.76	2.053	2.456	2.657	2.397	1.539	1.738	2.267	2.421	2.229	2.374	2.22	2.575	2.026	2.62	2.449	2.739	3.511	2.134	2.863	2.3126
133_S_0792_6514_I120306.long.133_S_0792	2.418	2.425	2.306	1.756	3.116	2.523	2.283	2.508	2.1	1.97	2.354	1.797	2.517	2.714	2.73	2.223	2.466	2.458	2.314	1.602	1.794	2.328	2.377	2.256	2.179	2.183	2.53	2.033	2.631	2.38	2.856	3.734	2.338	2.929	2.30899
133_S_0912_19884_I40000.long.133_S_0912	2.389	2.401	2.19	1.59	3.426	2.681	2.068	2.9	2.092	1.73	2.551	1.786	2.29	2.736	2.409	1.787	2.407	2.627	2.103	1.368	1.671	1.99	1.839	2.2	2.641	2.09	2.366	1.864	2.517	2.263	2.728	3.585	2.042	2.698	2.17428
133_S_0912_30156_I72565.long.133_S_0912	2.486	2.384	2.393	1.609	3.178	2.581	2.241	2.832	2.071	1.686	2.544	1.769	2.229	2.866	2.332	2.005	2.5	2.535	2.137	1.41	1.807	2.102	2.071	2.23	2.668	2.17	2.447	1.948	2.582	2.451	2.723	3.3	2.367	2.7	2.2457
133_S_0912_42205_I88122.long.133_S_0912	2.514	2.415	2.398	1.539	3.311	2.606	2.246	2.916	2.0	1.704	2.551	1.744	2.302	2.881	2.334	1.889	2.684	2.629	2.217	1.321	1.723	2.097	2.048	2.237	2.803	2.224	2.394	1.974	2.622	2.465	2.653	3.263	2.299	2.702	2.25015
133_S_0912_9520_I105813.long.133_S_0912	2.556	2.412	2.392	1.545	3.141	2.664	2.219	2.898	2.036	1.811	2.622	1.754	2.332	2.895	2.382	1.859	2.644	2.719	2.175	1.346	1.779	2.078	2.05	2.134	2.823	2.152	2.403	1.864	2.703	2.497	2.764	3.312	2.308	2.738	2.2529
133_S_0912_8409_I128556.long.133_S_0912	2.472	2.477	2.377	1.603	3.182	2.62	2.277	2.851	2.062	1.864	2.546	1.732	2.295	2.843	2.338	1.989	2.614	2.678	2.23	1.293	1.696	2.19	2.038	2.255	2.847	2.148	2.449	2.003	2.603	2.455	2.714	3.185	2.256	2.717	2.25871
133_S_1031_21552_I40019.long.133_S_1031	2.133	3.169	2.437	1.502	2.197	2.593	2.303	2.573	2.374	2.0	2.594	1.643	2.764	2.452	1.951	2.24	2.323	2.593	2.296	1.431	1.896	2.75	2.245	2.266	2.724	2.166	2.427	1.938	2.388	2.364	2.541	3.133	2.202	2.767	2.25892
133_S_1031_43001_I85654.long.133_S_1031	2.271	3.095	2.404	1.616	2.286	2.591	2.322	2.621	2.392	2.009	2.64	1.721	2.66	2.541	2.027	2.277	2.381	2.558	2.336	1.577	1.929	2.794	2.313	2.272	2.671	2.221	2.503	1.947	2.478	2.398	2.433	3.283	2.388	2.926	2.30216
133_S_1031_9938_I106585.long.133_S_1031	2.25	3.223	2.32	1.518	2.198	2.633	2.209	2.654	2.484	1.934	2.751	1.718	2.563	2.55	2.025	2.095	2.379	2.533	2.222	1.403	1.749	2.64	2.131	2.246	2.637	2.13	2.331	1.782	2.373	2.296	2.623	3.337	2.233	2.861	2.21394
133_S_1031_9576_I129664.long.133_S_1031	2.196	3.091	2.426	1.626	2.221	2.561	2.256	2.634	2.417	1.992	2.766	1.668	2.632	2.521	1.943	2.297	2.401	2.67	2.308	1.543	1.929	2.746	2.257	2.292	2.696	2.196	2.503	1.868	2.453	2.334	2.569	3.113	2.352	2.921	2.28186
133_S_1031_6672_I163364.long.133_S_1031	2.218	2.834	2.369	1.634	2.104	2.582	2.192	2.454	2.595	1.916	2.787	1.807	2.878	2.476	2.014	2.235	2.408	2.62	2.255	1.681	1.91	2.76	2.288	2.186	2.724	2.263	2.467	1.849	2.322	2.362	2.511	3.083	2.159	2.729	2.26186
136_S_0107_11707_I40445.long.136_S_0107	2.449	2.396	2.545	1.575	3.793	2.526	2.431	2.683	2.516	2.073	2.869	1.674	2.409	2.766	2.513	2.237	2.485	2.776	2.43	1.411	1.803	2.591	2.372	2.38	2.74	2.316	2.816	2.135	2.718	2.36	2.67	3.37	2.299	2.719	2.38788
136_S_0107_18343_I40437.long.136_S_0107	2.341	2.356	2.466	1.49	3.773	2.458	2.378	2.606	2.451	1.97	2.888	1.604	2.419	2.724	2.443	2.225	2.463	2.746	2.42	1.352	1.75	2.486	2.285	2.335	2.782	2.271	2.769	2.085	2.685	2.341	2.726	3.495	2.246	2.767	2.34026
136_S_0107_27179_I66722.long.136_S_0107	2.444	2.505	2.585	1.522	3.712	2.575	2.482	2.717	2.582	2.094	2.943	1.69	2.51	2.83	2.556	2.273	2.579	2.799	2.541	1.423	1.736	2.608	2.285	2.374	2.833	2.382	2.859	2.062	2.786	2.433	2.629	3.314	2.212	2.784	2.41005
136_S_0107_39031_I79062.long.136_S_0107	2.359	2.412	2.314	1.462	3.754	2.504	2.35	2.653	2.488	2.003	2.9	1.623	2.497	2.734	2.552	2.154	2.374	2.792	2.37	1.403	1.676	2.538	2.183	2.308	2.709	2.201	2.754	1.981	2.696	2.311	2.759	3.451	2.173	2.728	2.316
136_S_0107_46157_I97287.long.136_S_0107	2.237	2.37	2.385	1.539	3.827	2.461	2.401	2.666	2.49	2.065	2.938	1.706	2.429	2.728	2.497	2.316	2.339	2.893	2.401	1.493	1.779	2.559	2.222	2.368	2.693	2.143	2.713	2.086	2.615	2.297	2.667	3.473	2.04	2.689	2.33507
136_S_0107_8219_I160555.long.136_S_0107	2.352	2.379	2.534	1.532	3.817	2.524	2.446	2.644	2.486	1.984	2.873	1.657	2.365	2.723	2.586	2.292	2.44	2.766	2.415	1.412	1.803	2.534	2.42	2.355	2.714	2.249	2.776	2.099	2.634	2.364	2.774	3.478	2.228	2.704	2.36457
137_S_0158_11648_I45872.long.137_S_0158	2.32	2.869	2.372	1.673	3.066	2.721	2.208	2.469	2.542	1.934	2.349	1.876	2.419	2.684	3.013	2.223	2.36	2.776	2.383	1.419	1.886	2.367	2.356	2.098	3.002	2.4	2.692	1.98	2.602	2.399	2.781	3.508	2.485	2.916	2.32197
137_S_0158_20209_I42985.long.137_S_0158	2.359	2.887	2.313	1.697	3.092	2.683	2.326	2.405	2.472	1.95	2.414	1.948	2.474	2.613	2.959	2.113	2.416	2.908	2.493	1.402	1.839	2.411	2.261	2.118	2.991	2.454	2.709	2.01	2.597	2.416	2.869	3.403	2.547	2.97	2.32938
137_S_0158_29050_I66199.long.137_S_0158	2.307	2.892	2.359	1.734	2.973	2.683	2.245	2.463	2.373	1.939	2.309	1.877	2.345	2.614	3.048	2.275	2.253	2.956	2.453	1.392	1.847	2.35	2.341	2.086	2.966	2.358	2.689	1.998	2.554	2.354	2.806	3.407	2.449	2.886	2.30653
137_S_0158_39289_I81472.long.137_S_0158	2.296	2.873	2.316	1.733	3.008	2.732	2.28	2.47	2.316	1.949	2.4	1.862	2.429	2.708	3.044	2.242	2.306	2.901	2.431	1.354	1.882	2.37	2.275	2.128	3.032	2.451	2.683	1.999	2.628	2.403	2.887	3.504	2.544	2.998	2.3298
137_S_0158_7432_I102548.long.137_S_0158	2.308	2.913	2.23	1.722	2.994	2.73	2.233	2.409	2.311	1.914	2.251	1.853	2.401	2.67	3.051	2.097	2.273	2.855	2.429	1.323	1.827	2.39	2.253	2.051	2.97	2.401	2.636	1.936	2.553	2.368	2.804	3.295	2.446	2.865	2.27919
137_S_0158_4949_I148908.long.137_S_0158	2.285	2.792	2.215	1.706	2.911	2.673	2.184	2.414	2.29	1.859	2.285	1.836	2.261	2.646	2.83	2.134	2.324	2.89	2.42	1.392	1.8	2.267	2.219	2.044	2.989	2.343	2.539	1.935	2.572	2.374	2.709	3.418	2.535	2.937	2.2545
137_S_0443_15548_I46622.long.137_S_0443	2.65	2.495	2.232	1.628	3.749	2.706	2.323	2.744	2.252	2.082	2.465	1.9	2.264	2.866	2.97	2.159	2.445	2.492	2.366	1.358	1.901	2.432	2.227	2.288	2.78	2.223	2.613	1.994	2.788	2.516	2.546	4.023	2.354	2.876	2.35047
137_S_0443_27311_I66213.long.137_S_0443	2.532	2.37	2.205	1.755	3.875	2.758	2.245	2.779	2.29	2.211	2.352	1.941	2.35	2.869	2.932	2.127	2.203	2.397	2.328	1.453	1.791	2.377	2.147	2.256	2.901	2.157	2.587	1.981	2.666	2.328	2.624	3.849	2.375	2.767	2.31239
137_S_0443_37005_I79268.long.137_S_0443	2.648	2.463	2.268	1.663	3.726	2.771	2.258	2.782	2.283	2.205	2.385	1.888	2.248	2.907	2.993	2.217	2.434	2.459	2.371	1.409	1.837	2.413	2.217	2.261	2.932	2.257	2.63	1.999	2.76	2.39	2.756	3.947	2.364	2.815	2.34771
137_S_0443_45728_I94676.long.137_S_0443	2.647	2.428	2.207	1.618	3.623	2.721	2.269	2.738	2.256	2.131	2.373	1.836	2.212	2.887	2.876	2.132	2.314	2.399	2.312	1.381	1.784	2.384	2.168	2.191	2.884	2.197	2.575	1.922	2.703	2.311	2.676	3.881	2.409	2.725	2.29636
137_S_0443_8443_I128565.long.137_S_0443	2.506	2.449	2.253	1.68	3.905	2.687	2.275	2.695	2.183	2.163	2.41	1.862	2.229	2.782	2.848	2.189	2.465	2.386	2.322	1.355	1.919	2.357	2.276	2.239	2.829	2.218	2.613	1.98	2.689	2.44	2.733	3.917	2.408	2.716	2.32793
137_S_0443_2308_I162693.long.137_S_0443	2.512	2.415	2.073	1.625	3.712	2.67	2.236	2.732	2.239	2.17	2.38	1.857	2.185	2.874	2.92	2.071	2.338	2.445	2.312	1.445	1.767	2.381	2.172	2.193	2.833	2.182	2.618	1.905	2.736	2.384	2.598	3.918	2.361	2.856	2.29944
137_S_0481_14293_I46647.long.137_S_0481	2.239	2.25	2.073	1.516	3.317	2.353	1.989	2.5	2.046	1.752	2.405	1.688	2.12	2.62	2.38	2.04	2.274	2.156	2.212	1.263	1.608	2.123	1.96	1.793	2.721	1.989	2.276	1.693	2.155	2.226	2.376	3.456	1.715	2.658	2.05436
137_S_0481_23576_I45920.long.137_S_0481	1.853	2.438	1.845	1.587	3.059	2.169	1.77	2.299	2.04	1.784	2.161	1.664	2.057	2.377	2.195	1.746	1.906	1.924	2.02	1.369	1.512	2.19	1.699	1.668	2.515	1.837	2.111	1.566	1.944	1.869	2.27	3.181	1.796	2.669	1.90518
137_S_0481_32582_I89103.long.137_S_0481	2.244	2.285	1.933	1.528	3.244	2.385	1.911	2.528	2.103	1.817	2.375	1.675	1.986	2.607	2.502	1.944	2.164	2.189	2.208	1.306	1.485	2.132	1.734	1.733	2.613	1.921	2.078	1.585	2.128	2.165	2.233	3.427	1.741	2.697	1.99385
137_S_0481_43436_I94683.long.137_S_0481	2.05	2.268	1.945	1.508	3.123	2.149	1.845	2.417	2.066	1.709	2.347	1.68	2.013	2.527	2.239	2.01	2.037	2.146	2.061	1.212	1.497	2.041	1.826	1.685	2.511	1.815	2.133	1.582	2.112	2.083	2.215	3.347	1.856	2.571	1.94911
137_S_0481_1109_I109968.long.137_S_0481	2.103	2.231	1.844	1.468	3.181	2.264	1.904	2.383	1.98	1.765	2.263	1.672	1.908	2.509	2.311	1.806	2.188	2.114	2.152	1.236	1.53	2.033	1.802	1.688	2.475	1.847	2.051	1.506	2.117	2.118	2.174	3.324	1.771	2.554	1.94129
137_S_0481_8383_I160587.long.137_S_0481	1.973	2.329	1.758	1.569	3.134	2.2	1.781	2.424	1.889	1.752	2.225	1.652	1.905	2.485	2.298	2.032	1.945	2.054	2.17	1.24	1.554	2.006	1.791	1.673	2.528	1.785	2.03	1.527	2.087	2.048	1.942	3.39	1.675	2.656	1.92137
137_S_0800_17822_I43035.long.137_S_0800	2.494	2.381	2.524	1.747	4.025	2.662	2.343	2.742	2.315	2.041	2.727	1.952	2.552	2.779	2.957	2.281	2.599	3.109	2.363	1.487	2.032	2.592	2.435	2.181	3.41	2.257	2.661	2.072	2.653	2.553	2.743	4.253	2.526	3.127	2.42522
137_S_0800_26960_I66255.long.137_S_0800	2.373	2.413	2.494	1.757	4.023	2.572	2.315	2.632	2.348	2.026	2.666	1.901	2.537	2.698	2.884	2.308	2.538	3.163	2.376	1.573	2.047	2.563	2.312	2.249	3.342	2.213	2.699	2.062	2.637	2.505	2.866	4.109	2.69	3.06	2.39888
137_S_0800_39150_I79092.long.137_S_0800	2.56	2.369	2.548	1.782	4.047	2.621	2.383	2.722	2.353	2.062	2.73	1.946	2.607	2.754	2.86	2.275	2.627	3.174	2.411	1.45	2.047	2.601	2.447	2.245	3.324	2.293	2.72	2.075	2.648	2.566	2.792	4.233	2.647	3.124	2.44246
137_S_0800_6924_I101982.long.137_S_0800	2.444	2.433	2.451	1.756	4.011	2.68	2.366	2.715	2.328	2.03	2.769	1.993	2.575	2.74	2.933	2.2	2.513	3.092	2.367	1.496	2.013	2.559	2.324	2.218	3.244	2.181	2.592	2.027	2.598	2.517	2.68	4.088	2.594	3.083	2.3961
137_S_0800_2920_I162728.long.137_S_0800	2.596	2.377	2.308	1.746	4.063	2.588	2.355	2.686	2.372	1.974	2.546	1.95	2.574	2.746	2.874	2.221	2.521	3.01	2.229	1.5	2.016	2.508	2.191	2.231	3.26	2.176	2.574	2.006	2.628	2.511	2.498	4.177	2.619	3.164	2.36789
137_S_0994_21634_I45943.long.137_S_0994	2.449	2.709	2.557	1.718	3.105	2.293	2.241	2.712	2.103	2.02	2.404	1.685	2.389	2.746	2.007	2.253	2.352	2.935	2.425	1.397	1.869	2.359	2.615	2.128	3.083	2.249	2.682	2.027	2.502	2.564	2.543	3.54	2.628	2.655	2.31531
137_S_0994_33053_I87735.long.137_S_0994	2.336	2.565	2.577	1.659	3.17	2.249	2.212	2.605	2.086	1.978	2.335	1.644	2.378	2.659	1.872	2.268	2.331	2.781	2.334	1.356	1.887	2.432	2.597	2.153	3.044	2.213	2.688	2.05	2.45	2.517	2.483	3.336	2.564	2.576	2.28371
137_S_0994_43448_I91224.long.137_S_0994	2.276	2.548	2.629	1.705	3.117	2.251	2.243	2.652	2.094	1.96	2.335	1.703	2.398	2.681	1.89	2.282	2.367	2.69	2.405	1.488	2.007	2.394	2.629	2.195	3.13	2.273	2.757	2.147	2.461	2.546	2.498	3.437	2.611	2.623	2.32585
137_S_0994_0930_I109983.long.137_S_0994	2.19	2.423	2.493	1.63	2.983	2.128	2.149	2.474	1.941	1.951	2.273	1.629	2.278	2.532	1.847	2.282	2.318	2.512	2.301	1.414	1.945	2.213	2.486	2.158	3.028	2.091	2.659	2.053	2.352	2.508	2.297	3.319	2.475	2.549	2.22893
137_S_0994_0513_I130128.long.137_S_0994	2.212	2.437	2.546	1.646	3.101	2.227	2.146	2.588	1.89	1.959	2.391	1.711	2.366	2.589	1.829	2.116	2.322	2.883	2.396	1.446	1.89	2.161	2.596	2.081	2.965	2.277	2.68	2.028	2.44	2.504	2.533	3.443	2.507	2.557	2.26741
137_S_0994_6839_I323026.long.137_S_0994	2.217	2.43	2.351	1.669	3.028	2.146	1.997	2.418	1.871	1.872	2.328	1.627	2.182	2.469	1.824	2.082	2.333	2.739	2.302	1.462	1.779	2.02	2.412	1.954	2.894	2.138	2.524	1.862	2.372	2.458	2.565	3.29	2.523	2.518	2.15902
141_S_0851_19364_I47870.long.141_S_0851	2.389	2.461	2.214	1.62	3.561	2.547	2.245	2.773	2.101	2.108	2.644	1.765	2.443	2.815	2.302	2.042	2.395	2.757	2.24	1.346	1.918	2.337	2.255	2.088	2.624	2.208	2.533	1.917	2.622	2.325	3.009	3.661	2.505	2.894	2.29393
141_S_0851_31669_I89678.long.141_S_0851	2.276	2.447	2.159	1.633	3.532	2.566	2.196	2.788	2.084	2.053	2.678	1.784	2.378	2.766	2.335	2.085	2.414	2.833	2.201	1.404	1.981	2.287	2.299	2.073	2.597	2.175	2.484	1.913	2.602	2.327	2.804	3.75	2.594	2.893	2.28489
141_S_0851_41581_I81508.long.141_S_0851	2.412	2.506	2.284	1.637	3.219	2.494	2.229	2.76	2.037	2.097	2.595	1.783	2.357	2.765	2.322	2.187	2.382	2.658	2.312	1.49	2.047	2.288	2.409	2.167	2.569	2.202	2.47	1.997	2.52	2.358	2.795	3.538	2.498	2.807	2.30322
